напляжение фаза 1, В	-1.400000
напляжение фаза 2, В	1.100000
количество точек фаза 1	100
количество точек фаза 2	100
длительность импульсов, us	25000.000000
задержка между импульсами, us	0.500000
количество ВАХ в файле	18

номер точки	напряжение, В 	ток, А
1	-0.002349	-0.000006
2	-0.029866	-0.000017
3	-0.056819	-0.000027
4	-0.084014	-0.000039
5	-0.111048	-0.000050
6	-0.138484	-0.000062
7	-0.165760	-0.000073
8	-0.193196	-0.000085
9	-0.219988	-0.000097
10	-0.247424	-0.000109
11	-0.274780	-0.000121
12	-0.301894	-0.000133
13	-0.329331	-0.000145
14	-0.356928	-0.000156
15	-0.384042	-0.000168
16	-0.411237	-0.000181
17	-0.438754	-0.000192
18	-0.466190	-0.000203
19	-0.493304	-0.000219
20	-0.521063	-0.000229
21	-0.548258	-0.000241
22	-0.575291	-0.000255
23	-0.603050	-0.000266
24	-0.630647	-0.000275
25	-0.657761	-0.000287
26	-0.685439	-0.000301
27	-0.712715	-0.000310
28	-0.740312	-0.000326
29	-0.767748	-0.000339
30	-0.795024	-0.000351
31	-0.823265	-0.000352
32	-0.850379	-0.000372
33	-0.877896	-0.000384
34	-0.904930	-0.000406
35	-0.931803	-0.000431
36	-0.958756	-0.000462
37	-0.985870	-0.000484
38	-1.012904	-0.000526
39	-1.039857	-0.000548
40	-1.067132	-0.000556
41	-1.095213	-0.000558
42	-1.121844	-0.000611
43	-1.150649	-0.000581
44	-1.198861	-0.000135
45	-1.225411	-0.000150
46	-1.254539	-0.000132
47	-1.281733	-0.000130
48	-1.309331	-0.000129
49	-1.338941	-0.000125
50	-1.366861	-0.000130
51	-1.393089	-0.000135
52	-1.364284	-0.000127
53	-1.338458	-0.000119
54	-1.312069	-0.000108
55	-1.284310	-0.000100
56	-1.257115	-0.000094
57	-1.229115	-0.000088
58	-1.201679	-0.000083
59	-1.172310	-0.000075
60	-1.145196	-0.000093
61	-1.118082	-0.000070
62	-1.090726	-0.000071
63	-1.062162	-0.000066
64	-1.035048	-0.000063
65	-1.007128	-0.000057
66	-0.978967	-0.000058
67	-0.951048	-0.000053
68	-0.923934	-0.000052
69	-0.895612	-0.000048
70	-0.867773	-0.000047
71	-0.839934	-0.000044
72	-0.811853	-0.000041
73	-0.784095	-0.000038
74	-0.757061	-0.000035
75	-0.729383	-0.000033
76	-0.700658	-0.000031
77	-0.672980	-0.000030
78	-0.644900	-0.000028
79	-0.617142	-0.000026
80	-0.589383	-0.000025
81	-0.561222	-0.000022
82	-0.533544	-0.000021
83	-0.505625	-0.000019
84	-0.477544	-0.000018
85	-0.449705	-0.000017
86	-0.421947	-0.000016
87	-0.393705	-0.000015
88	-0.365786	-0.000014
89	-0.337866	-0.000013
90	-0.309947	-0.000014
91	-0.282027	-0.000011
92	-0.254349	-0.000010
93	-0.226188	-0.000009
94	-0.198188	-0.000008
95	-0.170510	-0.000008
96	-0.142510	-0.000008
97	-0.114269	-0.000007
98	-0.086591	-0.000006
99	-0.058833	-0.000006
100	-0.030510	-0.000005
101	-0.002591	-0.000004
102	0.019167	-0.000004
103	0.040523	-0.000003
104	0.063248	-0.000003
105	0.084845	-0.000003
106	0.106282	-0.000002
107	0.129087	-0.000002
108	0.150684	-0.000001
109	0.173167	-0.000000
110	0.194926	0.000000
111	0.216684	0.000002
112	0.238684	0.000003
113	0.260765	0.000004
114	0.282362	0.000006
115	0.304443	0.000007
116	0.326362	0.000009
117	0.348201	0.000008
118	0.370362	0.000008
119	0.392362	0.000010
120	0.414121	0.000011
121	0.435638	0.000017
122	0.458040	0.000011
123	0.480040	0.000014
124	0.502121	0.000018
125	0.522671	0.000029
126	0.543866	0.000039
127	0.566591	0.000033
128	0.588430	0.000035
129	0.611315	0.000022
130	0.633718	0.000019
131	0.655557	0.000023
132	0.677235	0.000025
133	0.698671	0.000030
134	0.721074	0.000026
135	0.742349	0.000035
136	0.764188	0.000038
137	0.785705	0.000045
138	0.803276	0.000093
139	0.826645	0.000079
140	0.849531	0.000069
141	0.865169	0.000129
142	0.886123	0.000143
143	0.849340	0.000392
144	0.854591	0.000410
145	0.845911	0.000421
146	0.845365	0.000423
147	0.848683	0.000424
148	0.850472	0.000424
149	0.860232	0.000424
150	0.869106	0.000424
151	0.871459	0.000424
152	0.866771	0.000424
153	0.858943	0.000424
154	0.850713	0.000424
155	0.850294	0.000424
156	0.839728	0.000423
157	0.829323	0.000423
158	0.818114	0.000422
159	0.809883	0.000420
160	0.797627	0.000416
161	0.785853	0.000410
162	0.773436	0.000404
163	0.757233	0.000397
164	0.741997	0.000386
165	0.725715	0.000380
166	0.709110	0.000367
167	0.690089	0.000358
168	0.671793	0.000350
169	0.653739	0.000338
170	0.634477	0.000329
171	0.615134	0.000319
172	0.596113	0.000307
173	0.577012	0.000295
174	0.557267	0.000284
175	0.537441	0.000275
176	0.517454	0.000264
177	0.497226	0.000254
178	0.477078	0.000241
179	0.456769	0.000232
180	0.436460	0.000220
181	0.416151	0.000210
182	0.395520	0.000198
183	0.374647	0.000187
184	0.353855	0.000177
185	0.333465	0.000164
186	0.312915	0.000155
187	0.291720	0.000145
188	0.271250	0.000133
189	0.250377	0.000121
190	0.229424	0.000112
191	0.208793	0.000101
192	0.187759	0.000091
193	0.166726	0.000080
194	0.145611	0.000070
195	0.124256	0.000058
196	0.103222	0.000047
197	0.082108	0.000037
198	0.061235	0.000026
199	0.040121	0.000016
200	0.018765	0.000005
201	-0.002671	-0.000006
202	-0.029464	-0.000018
203	-0.056417	-0.000033
204	-0.083773	-0.000047
205	-0.110645	-0.000060
206	-0.137921	-0.000074
207	-0.164793	-0.000088
208	-0.192069	-0.000101
209	-0.219183	-0.000116
210	-0.246297	-0.000130
211	-0.273411	-0.000143
212	-0.300686	-0.000159
213	-0.327640	-0.000172
214	-0.354754	-0.000186
215	-0.382110	-0.000201
216	-0.409466	-0.000215
217	-0.436580	-0.000230
218	-0.463936	-0.000246
219	-0.491452	-0.000261
220	-0.518406	-0.000276
221	-0.545600	-0.000292
222	-0.573117	-0.000305
223	-0.600473	-0.000321
224	-0.627909	-0.000339
225	-0.655185	-0.000354
226	-0.682621	-0.000364
227	-0.710379	-0.000370
228	-0.737896	-0.000377
229	-0.765413	-0.000391
230	-0.793494	-0.000395
231	-0.821011	-0.000403
232	-0.848688	-0.000406
233	-0.876366	-0.000421
234	-0.903964	-0.000426
235	-0.931722	-0.000443
236	-0.958595	-0.000468
237	-0.986031	-0.000487
238	-1.012823	-0.000511
239	-1.039937	-0.000533
240	-1.067454	-0.000557
241	-1.096340	-0.000532
242	-1.122005	-0.000603
243	-1.154836	-0.000476
244	-1.198055	-0.000137
245	-1.225653	-0.000152
246	-1.256874	-0.000093
247	-1.283827	-0.000118
248	-1.312149	-0.000108
249	-1.339344	-0.000108
250	-1.367344	-0.000115
251	-1.396391	-0.000120
252	-1.366780	-0.000118
253	-1.340713	-0.000122
254	-1.310619	-0.000108
255	-1.284632	-0.000079
256	-1.256954	-0.000077
257	-1.229760	-0.000076
258	-1.200793	-0.000068
259	-1.173921	-0.000086
260	-1.147370	-0.000056
261	-1.119612	-0.000049
262	-1.090887	-0.000060
263	-1.063209	-0.000059
264	-1.035209	-0.000049
265	-1.008336	-0.000054
266	-0.979934	-0.000044
267	-0.953142	-0.000033
268	-0.924336	-0.000036
269	-0.896256	-0.000036
270	-0.868578	-0.000033
271	-0.840819	-0.000031
272	-0.812980	-0.000029
273	-0.784980	-0.000028
274	-0.756900	-0.000025
275	-0.728980	-0.000026
276	-0.701222	-0.000024
277	-0.673464	-0.000023
278	-0.645383	-0.000022
279	-0.617544	-0.000020
280	-0.589544	-0.000019
281	-0.561625	-0.000018
282	-0.533786	-0.000017
283	-0.505866	-0.000016
284	-0.478108	-0.000014
285	-0.449947	-0.000013
286	-0.421947	-0.000013
287	-0.394027	-0.000013
288	-0.365947	-0.000012
289	-0.338510	-0.000011
290	-0.310430	-0.000010
291	-0.282349	-0.000009
292	-0.254188	-0.000008
293	-0.226430	-0.000007
294	-0.198269	-0.000007
295	-0.170510	-0.000007
296	-0.142913	-0.000006
297	-0.114752	-0.000006
298	-0.086671	-0.000005
299	-0.058671	-0.000005
300	-0.030671	-0.000005
301	-0.002913	-0.000004
302	0.019167	-0.000004
303	0.041087	-0.000004
304	0.063248	-0.000004
305	0.085248	-0.000003
306	0.107329	-0.000003
307	0.129167	-0.000002
308	0.151087	-0.000002
309	0.173167	-0.000002
310	0.195087	-0.000002
311	0.217248	-0.000001
312	0.239167	-0.000001
313	0.261087	-0.000001
314	0.282926	-0.000001
315	0.305006	-0.000001
316	0.327006	-0.000000
317	0.349087	0.000000
318	0.370684	0.000002
319	0.393087	-0.000001
320	0.414926	-0.000001
321	0.436765	0.000001
322	0.458765	0.000002
323	0.480684	0.000002
324	0.502926	0.000003
325	0.524604	0.000003
326	0.546443	0.000006
327	0.568765	0.000003
328	0.590604	0.000005
329	0.612765	0.000004
330	0.634201	0.000009
331	0.656604	0.000005
332	0.678201	0.000007
333	0.700201	0.000008
334	0.722443	0.000009
335	0.744040	0.000014
336	0.766121	0.000018
337	0.788040	0.000014
338	0.809718	0.000017
339	0.831799	0.000027
340	0.853718	0.000018
341	0.874591	0.000028
342	0.896591	0.000027
343	0.918671	0.000031
344	0.935598	0.000086
345	0.863466	0.000416
346	0.857524	0.000423
347	0.857299	0.000424
348	0.860698	0.000424
349	0.864580	0.000424
350	0.871683	0.000424
351	0.870814	0.000424
352	0.852518	0.000424
353	0.850005	0.000424
354	0.842902	0.000424
355	0.838215	0.000424
356	0.829985	0.000424
357	0.825539	0.000423
358	0.818275	0.000422
359	0.808836	0.000419
360	0.798190	0.000417
361	0.784806	0.000412
362	0.770698	0.000405
363	0.755784	0.000398
364	0.740226	0.000390
365	0.723621	0.000381
366	0.706372	0.000372
367	0.689767	0.000361
368	0.670666	0.000352
369	0.653095	0.000341
370	0.633993	0.000331
371	0.614731	0.000320
372	0.595711	0.000310
373	0.576287	0.000298
374	0.555898	0.000288
375	0.536877	0.000277
376	0.517213	0.000266
377	0.496984	0.000256
378	0.476997	0.000243
379	0.456769	0.000234
380	0.435896	0.000222
381	0.415829	0.000211
382	0.395520	0.000201
383	0.374969	0.000190
384	0.354257	0.000178
385	0.333304	0.000168
386	0.312432	0.000157
387	0.291881	0.000149
388	0.271250	0.000135
389	0.250377	0.000123
390	0.229585	0.000114
391	0.208712	0.000103
392	0.187357	0.000090
393	0.166403	0.000081
394	0.145531	0.000070
395	0.124497	0.000059
396	0.103463	0.000048
397	0.082349	0.000037
398	0.061074	0.000026
399	0.039960	0.000015
400	0.018926	0.000005
401	-0.002349	-0.000006
402	-0.029464	-0.000021
403	-0.056497	-0.000033
404	-0.083370	-0.000047
405	-0.110243	-0.000061
406	-0.137437	-0.000075
407	-0.165276	-0.000088
408	-0.191988	-0.000102
409	-0.218619	-0.000118
410	-0.246216	-0.000131
411	-0.272928	-0.000146
412	-0.300284	-0.000160
413	-0.327318	-0.000174
414	-0.354915	-0.000190
415	-0.382029	-0.000204
416	-0.409063	-0.000219
417	-0.436419	-0.000235
418	-0.463613	-0.000249
419	-0.490889	-0.000266
420	-0.518325	-0.000281
421	-0.545278	-0.000297
422	-0.572554	-0.000312
423	-0.599909	-0.000328
424	-0.627346	-0.000342
425	-0.654621	-0.000358
426	-0.682218	-0.000375
427	-0.709655	-0.000387
428	-0.737252	-0.000394
429	-0.765011	-0.000400
430	-0.792688	-0.000406
431	-0.820205	-0.000420
432	-0.848205	-0.000421
433	-0.875964	-0.000432
434	-0.903078	-0.000448
435	-0.930917	-0.000452
436	-0.958675	-0.000463
437	-0.985629	-0.000493
438	-1.013467	-0.000491
439	-1.040179	-0.000536
440	-1.067615	-0.000551
441	-1.097629	-0.000488
442	-1.126595	-0.000461
443	-1.166834	-0.000198
444	-1.199263	-0.000122
445	-1.227183	-0.000107
446	-1.254458	-0.000113
447	-1.281411	-0.000110
448	-1.310539	-0.000196
449	-1.338861	-0.000114
450	-1.365975	-0.000137
451	-1.392686	-0.000169
452	-1.363559	-0.000130
453	-1.338377	-0.000135
454	-1.310941	-0.000134
455	-1.282055	-0.000136
456	-1.254539	-0.000135
457	-1.226941	-0.000109
458	-1.200713	-0.000105
459	-1.171585	-0.000098
460	-1.144471	-0.000097
461	-1.116149	-0.000099
462	-1.089437	-0.000085
463	-1.061437	-0.000078
464	-1.033276	-0.000078
465	-1.005035	-0.000073
466	-0.977357	-0.000078
467	-0.949518	-0.000077
468	-0.922082	-0.000061
469	-0.895370	-0.000054
470	-0.866806	-0.000058
471	-0.839853	-0.000049
472	-0.811370	-0.000054
473	-0.783934	-0.000045
474	-0.754726	-0.000057
475	-0.727612	-0.000048
476	-0.699853	-0.000045
477	-0.672095	-0.000047
478	-0.643692	-0.000040
479	-0.616175	-0.000038
480	-0.588175	-0.000036
481	-0.560658	-0.000034
482	-0.532497	-0.000032
483	-0.504900	-0.000030
484	-0.476900	-0.000028
485	-0.449303	-0.000026
486	-0.421061	-0.000024
487	-0.393303	-0.000022
488	-0.365786	-0.000021
489	-0.337705	-0.000019
490	-0.309464	-0.000018
491	-0.281947	-0.000017
492	-0.254027	-0.000015
493	-0.226349	-0.000013
494	-0.198108	-0.000012
495	-0.170349	-0.000011
496	-0.142349	-0.000010
497	-0.114188	-0.000009
498	-0.086510	-0.000007
499	-0.058833	-0.000006
500	-0.030591	-0.000006
501	-0.002671	-0.000004
502	0.018926	-0.000004
503	0.041167	-0.000003
504	0.063329	-0.000002
505	0.085087	-0.000002
506	0.107167	-0.000001
507	0.129006	0.000001
508	0.151006	0.000001
509	0.172845	0.000002
510	0.194845	0.000003
511	0.216604	0.000003
512	0.238362	0.000005
513	0.260443	0.000004
514	0.282684	0.000004
515	0.304362	0.000005
516	0.326765	0.000005
517	0.348443	0.000006
518	0.369879	0.000014
519	0.391396	0.000016
520	0.413396	0.000018
521	0.435315	0.000019
522	0.457476	0.000021
523	0.480040	0.000012
524	0.502282	0.000012
525	0.523960	0.000013
526	0.545960	0.000014
527	0.567799	0.000015
528	0.589557	0.000016
529	0.611638	0.000019
530	0.632832	0.000030
531	0.654993	0.000026
532	0.676752	0.000030
533	0.698832	0.000031
534	0.719785	0.000043
535	0.740819	0.000051
536	0.763463	0.000046
537	0.784900	0.000054
538	0.805128	0.000070
539	0.826967	0.000073
540	0.821831	0.000275
541	0.817419	0.000367
542	0.836359	0.000377
543	0.854333	0.000385
544	0.857007	0.000405
545	0.846878	0.000421
546	0.868717	0.000421
547	0.872116	0.000423
548	0.883486	0.000423
549	0.886885	0.000424
550	0.885694	0.000424
551	0.888691	0.000424
552	0.882473	0.000424
553	0.873357	0.000424
554	0.865127	0.000424
555	0.862936	0.000423
556	0.846975	0.000423
557	0.837376	0.000422
558	0.827454	0.000421
559	0.816245	0.000418
560	0.801492	0.000415
561	0.787464	0.000409
562	0.775046	0.000402
563	0.759971	0.000394
564	0.743930	0.000385
565	0.726439	0.000376
566	0.709593	0.000366
567	0.692263	0.000356
568	0.673001	0.000347
569	0.654544	0.000335
570	0.636329	0.000324
571	0.616422	0.000314
572	0.597080	0.000303
573	0.577576	0.000292
574	0.557428	0.000282
575	0.538246	0.000270
576	0.518259	0.000260
577	0.497628	0.000250
578	0.477963	0.000238
579	0.457171	0.000228
580	0.437265	0.000216
581	0.416553	0.000206
582	0.396003	0.000196
583	0.375211	0.000185
584	0.354660	0.000174
585	0.333868	0.000163
586	0.313237	0.000153
587	0.292525	0.000142
588	0.271572	0.000130
589	0.250458	0.000120
590	0.229827	0.000110
591	0.209115	0.000099
592	0.187920	0.000088
593	0.166967	0.000078
594	0.146014	0.000067
595	0.124900	0.000057
596	0.103544	0.000045
597	0.082430	0.000036
598	0.061476	0.000025
599	0.040040	0.000016
600	0.018845	0.000004
601	-0.002349	-0.000007
602	-0.029464	-0.000019
603	-0.056417	-0.000034
604	-0.083451	-0.000046
605	-0.110323	-0.000061
606	-0.137598	-0.000073
607	-0.164632	-0.000086
608	-0.192310	-0.000102
609	-0.219344	-0.000115
610	-0.246216	-0.000129
611	-0.273411	-0.000142
612	-0.300606	-0.000157
613	-0.327801	-0.000171
614	-0.355237	-0.000187
615	-0.382432	-0.000200
616	-0.409546	-0.000214
617	-0.436660	-0.000228
618	-0.463936	-0.000246
619	-0.491211	-0.000260
620	-0.518325	-0.000275
621	-0.546003	-0.000292
622	-0.572876	-0.000306
623	-0.600231	-0.000322
624	-0.627668	-0.000336
625	-0.654782	-0.000355
626	-0.682702	-0.000367
627	-0.709977	-0.000382
628	-0.737655	-0.000387
629	-0.765655	-0.000385
630	-0.793494	-0.000394
631	-0.821172	-0.000396
632	-0.849011	-0.000403
633	-0.876608	-0.000418
634	-0.904205	-0.000427
635	-0.931642	-0.000437
636	-0.959320	-0.000445
637	-0.986997	-0.000453
638	-1.014434	-0.000475
639	-1.043158	-0.000457
640	-1.070353	-0.000490
641	-1.097226	-0.000514
642	-1.125226	-0.000508
643	-1.165385	-0.000227
644	-1.197733	-0.000146
645	-1.229115	-0.000095
646	-1.256713	-0.000092
647	-1.282700	-0.000118
648	-1.310055	-0.000119
649	-1.339263	-0.000109
650	-1.367827	-0.000121
651	-1.395263	-0.000117
652	-1.367585	-0.000132
653	-1.339666	-0.000097
654	-1.311183	-0.000140
655	-1.285196	-0.000091
656	-1.256713	-0.000107
657	-1.227988	-0.000106
658	-1.199344	-0.000104
659	-1.172552	-0.000081
660	-1.146645	-0.000063
661	-1.118001	-0.000075
662	-1.090323	-0.000068
663	-1.062082	-0.000079
664	-1.031585	-0.000093
665	-1.004391	-0.000096
666	-0.977598	-0.000077
667	-0.949437	-0.000080
668	-0.922082	-0.000074
669	-0.894162	-0.000071
670	-0.866323	-0.000067
671	-0.838323	-0.000066
672	-0.810887	-0.000063
673	-0.782887	-0.000057
674	-0.755289	-0.000053
675	-0.727773	-0.000048
676	-0.699773	-0.000044
677	-0.671531	-0.000045
678	-0.643773	-0.000045
679	-0.616014	-0.000043
680	-0.589383	-0.000028
681	-0.561383	-0.000026
682	-0.533222	-0.000021
683	-0.505383	-0.000020
684	-0.477625	-0.000019
685	-0.449544	-0.000018
686	-0.421786	-0.000016
687	-0.393866	-0.000016
688	-0.365786	-0.000014
689	-0.337866	-0.000014
690	-0.309705	-0.000015
691	-0.282269	-0.000012
692	-0.254027	-0.000012
693	-0.226349	-0.000010
694	-0.198108	-0.000011
695	-0.170108	-0.000010
696	-0.142269	-0.000010
697	-0.114430	-0.000008
698	-0.086349	-0.000007
699	-0.058994	-0.000006
700	-0.030671	-0.000006
701	-0.002349	-0.000004
702	0.019329	-0.000004
703	0.041248	-0.000003
704	0.063006	-0.000002
705	0.085087	-0.000002
706	0.107087	-0.000001
707	0.129329	-0.000001
708	0.151167	-0.000000
709	0.173006	0.000000
710	0.194845	0.000001
711	0.216604	0.000001
712	0.238523	0.000006
713	0.260684	0.000007
714	0.282523	0.000009
715	0.304362	0.000009
716	0.326201	0.000010
717	0.348040	0.000011
718	0.370040	0.000012
719	0.391960	0.000014
720	0.413315	0.000022
721	0.435799	0.000018
722	0.457638	0.000020
723	0.479315	0.000021
724	0.500188	0.000036
725	0.522349	0.000034
726	0.544671	0.000032
727	0.566027	0.000034
728	0.587785	0.000039
729	0.609383	0.000043
730	0.629209	0.000070
731	0.649518	0.000090
732	0.669585	0.000109
733	0.692310	0.000102
734	0.713344	0.000110
735	0.733894	0.000127
736	0.754123	0.000148
737	0.771291	0.000182
738	0.787413	0.000223
739	0.804259	0.000260
740	0.816919	0.000302
741	0.832638	0.000329
742	0.840868	0.000368
743	0.849582	0.000392
744	0.854108	0.000411
745	0.852756	0.000420
746	0.859617	0.000422
747	0.863419	0.000423
748	0.870603	0.000424
749	0.864500	0.000424
750	0.868221	0.000424
751	0.872022	0.000424
752	0.867979	0.000424
753	0.861440	0.000424
754	0.845801	0.000424
755	0.847314	0.000424
756	0.840050	0.000423
757	0.827793	0.000423
758	0.819563	0.000422
759	0.809320	0.000420
760	0.799479	0.000416
761	0.786739	0.000410
762	0.770456	0.000405
763	0.756992	0.000398
764	0.740306	0.000390
765	0.723460	0.000380
766	0.707258	0.000372
767	0.689364	0.000361
768	0.671149	0.000351
769	0.653578	0.000339
770	0.633993	0.000329
771	0.615134	0.000318
772	0.596033	0.000308
773	0.576690	0.000296
774	0.556462	0.000286
775	0.537119	0.000276
776	0.516971	0.000264
777	0.497226	0.000254
778	0.476756	0.000245
779	0.456769	0.000232
780	0.436057	0.000222
781	0.415990	0.000213
782	0.395036	0.000200
783	0.374647	0.000190
784	0.354338	0.000179
785	0.333465	0.000168
786	0.312673	0.000156
787	0.291881	0.000147
788	0.270686	0.000136
789	0.250458	0.000124
790	0.229344	0.000113
791	0.208712	0.000104
792	0.187437	0.000092
793	0.166323	0.000081
794	0.145209	0.000070
795	0.124336	0.000060
796	0.103302	0.000048
797	0.082510	0.000038
798	0.061154	0.000027
799	0.040040	0.000015
800	0.018845	0.000005
801	-0.002671	-0.000007
802	-0.029222	-0.000020
803	-0.056336	-0.000034
804	-0.083370	-0.000047
805	-0.110565	-0.000061
806	-0.137760	-0.000076
807	-0.164874	-0.000091
808	-0.191505	-0.000102
809	-0.218700	-0.000118
810	-0.246055	-0.000133
811	-0.273331	-0.000147
812	-0.300203	-0.000161
813	-0.327720	-0.000174
814	-0.354593	-0.000190
815	-0.381788	-0.000204
816	-0.409063	-0.000220
817	-0.436419	-0.000235
818	-0.463613	-0.000249
819	-0.490969	-0.000264
820	-0.518164	-0.000279
821	-0.545439	-0.000296
822	-0.572876	-0.000309
823	-0.600151	-0.000325
824	-0.627507	-0.000337
825	-0.654943	-0.000354
826	-0.682379	-0.000368
827	-0.710299	-0.000372
828	-0.738299	-0.000375
829	-0.765896	-0.000382
830	-0.793735	-0.000389
831	-0.821333	-0.000399
832	-0.848527	-0.000410
833	-0.876527	-0.000417
834	-0.904044	-0.000427
835	-0.931722	-0.000434
836	-0.959883	-0.000434
837	-0.987642	-0.000450
838	-1.014595	-0.000470
839	-1.042112	-0.000477
840	-1.069065	-0.000498
841	-1.100366	-0.000419
842	-1.129977	-0.000356
843	-1.170297	-0.000141
844	-1.197250	-0.000155
845	-1.227585	-0.000106
846	-1.256149	-0.000109
847	-1.283344	-0.000115
848	-1.308848	-0.000144
849	-1.337894	-0.000148
850	-1.365009	-0.000158
851	-1.393653	-0.000148
852	-1.365653	-0.000137
853	-1.337894	-0.000129
854	-1.311424	-0.000124
855	-1.283666	-0.000112
856	-1.255907	-0.000113
857	-1.228632	-0.000095
858	-1.201035	-0.000096
859	-1.172632	-0.000099
860	-1.145276	-0.000090
861	-1.117437	-0.000076
862	-1.089840	-0.000076
863	-1.061760	-0.000070
864	-1.034243	-0.000066
865	-1.006565	-0.000061
866	-0.978726	-0.000060
867	-0.950726	-0.000058
868	-0.922243	-0.000065
869	-0.894806	-0.000060
870	-0.866645	-0.000062
871	-0.838967	-0.000057
872	-0.811289	-0.000050
873	-0.783531	-0.000049
874	-0.755853	-0.000046
875	-0.728095	-0.000041
876	-0.700256	-0.000039
877	-0.672417	-0.000036
878	-0.644497	-0.000034
879	-0.617142	-0.000032
880	-0.588819	-0.000030
881	-0.560819	-0.000029
882	-0.533142	-0.000027
883	-0.505222	-0.000025
884	-0.477142	-0.000023
885	-0.449464	-0.000022
886	-0.421303	-0.000021
887	-0.393544	-0.000019
888	-0.365464	-0.000018
889	-0.337786	-0.000017
890	-0.309705	-0.000015
891	-0.281786	-0.000014
892	-0.253947	-0.000013
893	-0.225947	-0.000012
894	-0.198188	-0.000010
895	-0.170349	-0.000009
896	-0.142269	-0.000007
897	-0.114349	-0.000007
898	-0.086591	-0.000006
899	-0.058269	-0.000005
900	-0.030591	-0.000005
901	-0.002510	-0.000004
902	0.019329	-0.000004
903	0.041248	-0.000003
904	0.063329	-0.000003
905	0.085087	-0.000002
906	0.107167	-0.000002
907	0.129087	-0.000001
908	0.151167	-0.000001
909	0.173167	-0.000000
910	0.194926	-0.000000
911	0.217329	0.000000
912	0.239006	0.000002
913	0.260926	0.000004
914	0.282765	0.000004
915	0.304765	0.000005
916	0.326523	0.000006
917	0.348362	0.000011
918	0.370523	0.000009
919	0.392282	0.000010
920	0.414282	0.000012
921	0.435718	0.000014
922	0.457879	0.000016
923	0.479879	0.000018
924	0.501879	0.000020
925	0.522752	0.000030
926	0.544832	0.000029
927	0.566510	0.000030
928	0.588591	0.000033
929	0.609947	0.000038
930	0.632027	0.000037
931	0.654349	0.000036
932	0.675624	0.000050
933	0.698269	0.000031
934	0.720108	0.000040
935	0.742510	0.000041
936	0.763785	0.000043
937	0.783611	0.000066
938	0.804162	0.000083
939	0.821733	0.000125
940	0.829883	0.000244
941	0.841012	0.000302
942	0.836520	0.000375
943	0.848857	0.000393
944	0.854511	0.000408
945	0.855333	0.000418
946	0.862597	0.000422
947	0.854239	0.000423
948	0.864241	0.000424
949	0.863694	0.000424
950	0.871200	0.000424
951	0.875968	0.000424
952	0.873052	0.000424
953	0.862970	0.000424
954	0.853209	0.000424
955	0.851421	0.000424
956	0.840855	0.000423
957	0.831900	0.000423
958	0.825844	0.000421
959	0.815600	0.000417
960	0.804874	0.000413
961	0.789074	0.000408
962	0.778106	0.000400
963	0.759327	0.000394
964	0.744574	0.000383
965	0.727647	0.000374
966	0.710156	0.000364
967	0.691861	0.000356
968	0.673645	0.000345
969	0.654383	0.000335
970	0.635443	0.000322
971	0.616261	0.000314
972	0.596919	0.000304
973	0.577576	0.000294
974	0.557750	0.000283
975	0.537522	0.000271
976	0.517937	0.000260
977	0.497709	0.000251
978	0.477319	0.000241
979	0.456769	0.000230
980	0.436701	0.000220
981	0.415909	0.000208
982	0.395278	0.000198
983	0.374969	0.000188
984	0.354499	0.000177
985	0.333626	0.000168
986	0.312754	0.000155
987	0.291962	0.000144
988	0.271330	0.000133
989	0.250538	0.000124
990	0.229666	0.000113
991	0.208551	0.000102
992	0.187518	0.000091
993	0.166484	0.000081
994	0.145048	0.000071
995	0.124497	0.000060
996	0.103383	0.000048
997	0.082188	0.000037
998	0.061396	0.000027
999	0.039960	0.000016
1000	0.018845	0.000005
1001	-0.002349	-0.000007
1002	-0.029061	-0.000020
1003	-0.056739	-0.000034
1004	-0.083370	-0.000047
1005	-0.110323	-0.000062
1006	-0.137518	-0.000075
1007	-0.164874	-0.000089
1008	-0.191585	-0.000104
1009	-0.218941	-0.000117
1010	-0.245894	-0.000131
1011	-0.273089	-0.000145
1012	-0.300284	-0.000159
1013	-0.327720	-0.000174
1014	-0.354673	-0.000187
1015	-0.382190	-0.000202
1016	-0.409385	-0.000216
1017	-0.436660	-0.000231
1018	-0.463936	-0.000246
1019	-0.491130	-0.000260
1020	-0.518325	-0.000275
1021	-0.545761	-0.000290
1022	-0.573117	-0.000304
1023	-0.600634	-0.000321
1024	-0.627507	-0.000339
1025	-0.655024	-0.000355
1026	-0.682379	-0.000365
1027	-0.710138	-0.000377
1028	-0.737896	-0.000379
1029	-0.765896	-0.000380
1030	-0.793655	-0.000387
1031	-0.821413	-0.000393
1032	-0.848769	-0.000406
1033	-0.876930	-0.000405
1034	-0.904125	-0.000425
1035	-0.931883	-0.000432
1036	-0.959883	-0.000439
1037	-0.987803	-0.000441
1038	-1.014353	-0.000464
1039	-1.041790	-0.000493
1040	-1.067696	-0.000542
1041	-1.096179	-0.000535
1042	-1.123374	-0.000559
1043	-1.164419	-0.000246
1044	-1.199907	-0.000105
1045	-1.228793	-0.000093
1046	-1.256149	-0.000098
1047	-1.283344	-0.000118
1048	-1.310861	-0.000122
1049	-1.338055	-0.000153
1050	-1.368230	-0.000088
1051	-1.396632	-0.000093
1052	-1.369598	-0.000076
1053	-1.341760	-0.000080
1054	-1.314162	-0.000069
1055	-1.285196	-0.000069
1056	-1.256793	-0.000096
1057	-1.229115	-0.000070
1058	-1.202565	-0.000065
1059	-1.174082	-0.000065
1060	-1.145437	-0.000054
1061	-1.119531	-0.000050
1062	-1.090404	-0.000054
1063	-1.061840	-0.000076
1064	-1.034645	-0.000054
1065	-1.007531	-0.000055
1066	-0.978484	-0.000048
1067	-0.950967	-0.000049
1068	-0.924256	-0.000040
1069	-0.895692	-0.000053
1070	-0.867934	-0.000042
1071	-0.839773	-0.000039
1072	-0.812336	-0.000035
1073	-0.783853	-0.000034
1074	-0.756417	-0.000031
1075	-0.728658	-0.000030
1076	-0.700819	-0.000029
1077	-0.673222	-0.000024
1078	-0.644980	-0.000025
1079	-0.616980	-0.000026
1080	-0.589061	-0.000025
1081	-0.561544	-0.000023
1082	-0.533464	-0.000021
1083	-0.505464	-0.000020
1084	-0.477705	-0.000018
1085	-0.449383	-0.000016
1086	-0.421544	-0.000017
1087	-0.393866	-0.000015
1088	-0.365866	-0.000014
1089	-0.337947	-0.000013
1090	-0.309866	-0.000012
1091	-0.282027	-0.000010
1092	-0.254108	-0.000010
1093	-0.226108	-0.000010
1094	-0.198027	-0.000008
1095	-0.170349	-0.000008
1096	-0.142510	-0.000007
1097	-0.114430	-0.000007
1098	-0.086430	-0.000007
1099	-0.058591	-0.000006
1100	-0.030752	-0.000005
1101	-0.002752	-0.000004
1102	0.019329	-0.000004
1103	0.041167	-0.000003
1104	0.063248	-0.000003
1105	0.085409	-0.000002
1106	0.107087	-0.000001
1107	0.129006	-0.000001
1108	0.151248	-0.000001
1109	0.173248	0.000000
1110	0.195248	0.000000
1111	0.217006	0.000001
1112	0.239087	0.000001
1113	0.260926	0.000002
1114	0.282845	0.000003
1115	0.304926	0.000004
1116	0.326765	0.000005
1117	0.348765	0.000006
1118	0.370282	0.000007
1119	0.392362	0.000008
1120	0.414362	0.000009
1121	0.436684	0.000006
1122	0.458282	0.000007
1123	0.480523	0.000007
1124	0.502523	0.000008
1125	0.524282	0.000009
1126	0.546523	0.000009
1127	0.568282	0.000010
1128	0.590201	0.000011
1129	0.612040	0.000012
1130	0.633799	0.000013
1131	0.655879	0.000014
1132	0.678040	0.000015
1133	0.699879	0.000014
1134	0.721476	0.000022
1135	0.743235	0.000023
1136	0.764349	0.000035
1137	0.786591	0.000033
1138	0.808752	0.000029
1139	0.831074	0.000027
1140	0.852993	0.000029
1141	0.874430	0.000032
1142	0.896108	0.000026
1143	0.914484	0.000078
1144	0.863610	0.000403
1145	0.848005	0.000421
1146	0.856316	0.000423
1147	0.853112	0.000424
1148	0.859249	0.000424
1149	0.863533	0.000424
1150	0.864839	0.000424
1151	0.873311	0.000424
1152	0.871603	0.000424
1153	0.863372	0.000424
1154	0.857075	0.000424
1155	0.851824	0.000424
1156	0.846734	0.000423
1157	0.834638	0.000422
1158	0.821657	0.000422
1159	0.811494	0.000419
1160	0.802055	0.000415
1161	0.786900	0.000410
1162	0.773113	0.000404
1163	0.759166	0.000394
1164	0.742883	0.000386
1165	0.726842	0.000376
1166	0.708868	0.000367
1167	0.690894	0.000357
1168	0.673323	0.000346
1169	0.654302	0.000336
1170	0.635362	0.000324
1171	0.616503	0.000315
1172	0.596838	0.000304
1173	0.577254	0.000293
1174	0.557911	0.000281
1175	0.538005	0.000271
1176	0.517937	0.000260
1177	0.498111	0.000250
1178	0.477722	0.000238
1179	0.457252	0.000227
1180	0.437345	0.000216
1181	0.416473	0.000205
1182	0.396083	0.000195
1183	0.375613	0.000184
1184	0.354580	0.000174
1185	0.334190	0.000163
1186	0.313398	0.000151
1187	0.292284	0.000140
1188	0.271491	0.000130
1189	0.250780	0.000119
1190	0.229988	0.000110
1191	0.208874	0.000099
1192	0.187598	0.000090
1193	0.166967	0.000078
1194	0.145692	0.000067
1195	0.124578	0.000056
1196	0.103785	0.000046
1197	0.082108	0.000036
1198	0.061154	0.000025
1199	0.040201	0.000016
1200	0.018845	0.000004
1201	-0.002510	-0.000006
1202	-0.029222	-0.000019
1203	-0.056336	-0.000033
1204	-0.083853	-0.000046
1205	-0.110726	-0.000060
1206	-0.137679	-0.000073
1207	-0.164471	-0.000088
1208	-0.191907	-0.000101
1209	-0.218941	-0.000115
1210	-0.246377	-0.000129
1211	-0.273089	-0.000143
1212	-0.300525	-0.000157
1213	-0.327881	-0.000171
1214	-0.355076	-0.000185
1215	-0.382432	-0.000200
1216	-0.409466	-0.000214
1217	-0.436580	-0.000229
1218	-0.464016	-0.000243
1219	-0.491050	-0.000258
1220	-0.518486	-0.000274
1221	-0.545842	-0.000289
1222	-0.573117	-0.000303
1223	-0.600231	-0.000320
1224	-0.627587	-0.000336
1225	-0.655185	-0.000349
1226	-0.682379	-0.000368
1227	-0.709896	-0.000374
1228	-0.737333	-0.000388
1229	-0.765011	-0.000399
1230	-0.793333	-0.000398
1231	-0.820608	-0.000412
1232	-0.848366	-0.000417
1233	-0.875722	-0.000429
1234	-0.903320	-0.000447
1235	-0.930756	-0.000461
1236	-0.958675	-0.000460
1237	-0.986192	-0.000472
1238	-1.013790	-0.000491
1239	-1.041145	-0.000506
1240	-1.066891	-0.000564
1241	-1.094810	-0.000569
1242	-1.124501	-0.000524
1243	-1.155320	-0.000427
1244	-1.188956	-0.000323
1245	-1.216473	-0.000326
1246	-1.256793	-0.000098
1247	-1.284310	-0.000104
1248	-1.311988	-0.000102
1249	-1.340310	-0.000103
1250	-1.368793	-0.000087
1251	-1.396954	-0.000101
1252	-1.367344	-0.000114
1253	-1.339022	-0.000090
1254	-1.312471	-0.000077
1255	-1.286645	-0.000064
1256	-1.258726	-0.000062
1257	-1.231209	-0.000063
1258	-1.203692	-0.000051
1259	-1.175289	-0.000049
1260	-1.147370	-0.000047
1261	-1.120095	-0.000041
1262	-1.091531	-0.000042
1263	-1.063773	-0.000048
1264	-1.036497	-0.000035
1265	-1.008336	-0.000039
1266	-0.979853	-0.000039
1267	-0.951853	-0.000043
1268	-0.923692	-0.000044
1269	-0.895934	-0.000041
1270	-0.868497	-0.000034
1271	-0.840578	-0.000033
1272	-0.812336	-0.000035
1273	-0.785222	-0.000022
1274	-0.757061	-0.000027
1275	-0.729383	-0.000022
1276	-0.701303	-0.000024
1277	-0.673303	-0.000022
1278	-0.645222	-0.000021
1279	-0.617303	-0.000020
1280	-0.589544	-0.000020
1281	-0.561625	-0.000019
1282	-0.533786	-0.000018
1283	-0.505625	-0.000017
1284	-0.477705	-0.000016
1285	-0.449786	-0.000015
1286	-0.422027	-0.000014
1287	-0.393947	-0.000013
1288	-0.366108	-0.000013
1289	-0.338027	-0.000012
1290	-0.310269	-0.000011
1291	-0.282108	-0.000011
1292	-0.254108	-0.000010
1293	-0.226108	-0.000009
1294	-0.198591	-0.000008
1295	-0.170269	-0.000008
1296	-0.142349	-0.000007
1297	-0.114510	-0.000006
1298	-0.086430	-0.000006
1299	-0.058349	-0.000005
1300	-0.030671	-0.000005
1301	-0.002591	-0.000004
1302	0.019329	-0.000004
1303	0.041329	-0.000003
1304	0.063409	-0.000003
1305	0.085329	-0.000002
1306	0.107006	-0.000001
1307	0.129087	-0.000001
1308	0.151006	-0.000000
1309	0.173248	-0.000001
1310	0.195006	-0.000000
1311	0.217006	-0.000000
1312	0.238765	0.000001
1313	0.260845	0.000002
1314	0.282684	0.000003
1315	0.304765	0.000003
1316	0.326684	0.000004
1317	0.348845	0.000005
1318	0.369315	0.000003
1319	0.392765	0.000004
1320	0.414604	0.000006
1321	0.436362	0.000008
1322	0.458121	0.000010
1323	0.480040	0.000012
1324	0.501879	0.000013
1325	0.524121	0.000014
1326	0.546121	0.000014
1327	0.568604	0.000007
1328	0.590604	0.000007
1329	0.612523	0.000008
1330	0.634282	0.000009
1331	0.654752	0.000024
1332	0.677396	0.000023
1333	0.699476	0.000020
1334	0.721235	0.000023
1335	0.743718	0.000017
1336	0.765154	0.000024
1337	0.787718	0.000018
1338	0.809235	0.000021
1339	0.831315	0.000024
1340	0.852832	0.000029
1341	0.874591	0.000024
1342	0.893853	0.000059
1343	0.916980	0.000053
1344	0.938417	0.000055
1345	0.959209	0.000073
1346	0.879990	0.000418
1347	0.886932	0.000422
1348	0.883325	0.000423
1349	0.900252	0.000424
1350	0.897692	0.000424
1351	0.895938	0.000424
1352	0.884487	0.000424
1353	0.874324	0.000424
1354	0.869636	0.000424
1355	0.848361	0.000424
1356	0.842224	0.000423
1357	0.836973	0.000422
1358	0.828743	0.000421
1359	0.814151	0.000418
1360	0.803022	0.000413
1361	0.788913	0.000408
1362	0.776012	0.000401
1363	0.760052	0.000394
1364	0.743688	0.000384
1365	0.726761	0.000374
1366	0.709593	0.000365
1367	0.691780	0.000356
1368	0.672840	0.000344
1369	0.654705	0.000336
1370	0.635846	0.000323
1371	0.616744	0.000312
1372	0.596596	0.000304
1373	0.577173	0.000291
1374	0.557669	0.000281
1375	0.538166	0.000271
1376	0.518018	0.000260
1377	0.497467	0.000249
1378	0.477400	0.000237
1379	0.457091	0.000227
1380	0.437104	0.000217
1381	0.416151	0.000206
1382	0.395681	0.000195
1383	0.375291	0.000185
1384	0.354499	0.000174
1385	0.333626	0.000164
1386	0.313156	0.000152
1387	0.292364	0.000142
1388	0.271411	0.000132
1389	0.250458	0.000121
1390	0.229424	0.000109
1391	0.208471	0.000099
1392	0.187679	0.000089
1393	0.166403	0.000080
1394	0.145531	0.000068
1395	0.124658	0.000057
1396	0.103383	0.000047
1397	0.082269	0.000035
1398	0.061074	0.000027
1399	0.040201	0.000016
1400	0.019006	0.000005
1401	-0.002591	-0.000006
1402	-0.029383	-0.000020
1403	-0.056497	-0.000033
1404	-0.083531	-0.000047
1405	-0.110484	-0.000059
1406	-0.137518	-0.000074
1407	-0.164954	-0.000087
1408	-0.191827	-0.000101
1409	-0.219183	-0.000114
1410	-0.246136	-0.000128
1411	-0.273733	-0.000143
1412	-0.300767	-0.000157
1413	-0.327720	-0.000171
1414	-0.355157	-0.000185
1415	-0.382754	-0.000199
1416	-0.409304	-0.000212
1417	-0.436821	-0.000227
1418	-0.463936	-0.000244
1419	-0.491533	-0.000255
1420	-0.518808	-0.000272
1421	-0.545842	-0.000287
1422	-0.573117	-0.000301
1423	-0.600634	-0.000317
1424	-0.627587	-0.000335
1425	-0.655185	-0.000350
1426	-0.682863	-0.000354
1427	-0.710702	-0.000361
1428	-0.738299	-0.000366
1429	-0.766379	-0.000366
1430	-0.793574	-0.000386
1431	-0.821333	-0.000392
1432	-0.849413	-0.000394
1433	-0.877091	-0.000397
1434	-0.904447	-0.000417
1435	-0.932125	-0.000425
1436	-0.959400	-0.000444
1437	-0.986514	-0.000467
1438	-1.014353	-0.000469
1439	-1.041951	-0.000482
1440	-1.070434	-0.000474
1441	-1.097548	-0.000498
1442	-1.126595	-0.000466
1443	-1.155320	-0.000446
1444	-1.187829	-0.000334
1445	-1.229276	-0.000101
1446	-1.256471	-0.000099
1447	-1.283666	-0.000115
1448	-1.310458	-0.000130
1449	-1.339344	-0.000104
1450	-1.366941	-0.000123
1451	-1.394780	-0.000109
1452	-1.367344	-0.000091
1453	-1.340874	-0.000085
1454	-1.314484	-0.000074
1455	-1.286323	-0.000060
1456	-1.258082	-0.000063
1457	-1.229518	-0.000062
1458	-1.202162	-0.000067
1459	-1.174967	-0.000074
1460	-1.146645	-0.000061
1461	-1.120256	-0.000049
1462	-1.091934	-0.000037
1463	-1.063773	-0.000045
1464	-1.036739	-0.000032
1465	-1.008497	-0.000046
1466	-0.979048	-0.000046
1467	-0.951612	-0.000047
1468	-0.923209	-0.000047
1469	-0.895773	-0.000046
1470	-0.867692	-0.000044
1471	-0.839289	-0.000042
1472	-0.812014	-0.000041
1473	-0.784819	-0.000038
1474	-0.756739	-0.000035
1475	-0.728819	-0.000033
1476	-0.700739	-0.000032
1477	-0.672658	-0.000030
1478	-0.644819	-0.000029
1479	-0.616739	-0.000027
1480	-0.588819	-0.000026
1481	-0.561061	-0.000025
1482	-0.533383	-0.000024
1483	-0.505464	-0.000023
1484	-0.477303	-0.000022
1485	-0.449464	-0.000020
1486	-0.421383	-0.000019
1487	-0.393866	-0.000017
1488	-0.366108	-0.000016
1489	-0.337947	-0.000014
1490	-0.309866	-0.000013
1491	-0.282027	-0.000012
1492	-0.254108	-0.000011
1493	-0.226027	-0.000010
1494	-0.198269	-0.000009
1495	-0.170430	-0.000008
1496	-0.142430	-0.000008
1497	-0.114591	-0.000006
1498	-0.086510	-0.000006
1499	-0.058510	-0.000005
1500	-0.030833	-0.000005
1501	-0.002671	-0.000004
1502	0.019409	-0.000004
1503	0.041409	-0.000004
1504	0.063248	-0.000003
1505	0.085087	-0.000002
1506	0.107329	-0.000002
1507	0.129248	-0.000002
1508	0.150845	-0.000001
1509	0.172926	-0.000001
1510	0.195087	-0.000001
1511	0.217167	0.000000
1512	0.238926	0.000001
1513	0.260604	0.000003
1514	0.282362	0.000004
1515	0.304523	0.000003
1516	0.326523	0.000005
1517	0.349167	0.000001
1518	0.371006	0.000002
1519	0.392926	0.000004
1520	0.415006	0.000004
1521	0.436040	0.000011
1522	0.458523	0.000007
1523	0.480604	0.000006
1524	0.502845	0.000004
1525	0.524523	0.000006
1526	0.546362	0.000008
1527	0.568282	0.000010
1528	0.590362	0.000011
1529	0.611799	0.000012
1530	0.634121	0.000010
1531	0.655960	0.000012
1532	0.678121	0.000010
1533	0.699557	0.000018
1534	0.722282	0.000014
1535	0.743960	0.000014
1536	0.765718	0.000025
1537	0.788121	0.000011
1538	0.809638	0.000021
1539	0.831154	0.000023
1540	0.853396	0.000024
1541	0.874430	0.000025
1542	0.897074	0.000026
1543	0.918108	0.000029
1544	0.939463	0.000047
1545	0.863224	0.000415
1546	0.870488	0.000421
1547	0.867767	0.000423
1548	0.864322	0.000424
1549	0.878511	0.000424
1550	0.873616	0.000424
1551	0.871459	0.000424
1552	0.872730	0.000424
1553	0.861359	0.000424
1554	0.859168	0.000424
1555	0.853434	0.000424
1556	0.847941	0.000423
1557	0.841160	0.000422
1558	0.830917	0.000420
1559	0.819466	0.000417
1560	0.805840	0.000413
1561	0.790363	0.000407
1562	0.779153	0.000398
1563	0.761098	0.000392
1564	0.745138	0.000383
1565	0.728452	0.000373
1566	0.709995	0.000362
1567	0.692907	0.000352
1568	0.673323	0.000344
1569	0.655510	0.000331
1570	0.636490	0.000321
1571	0.617147	0.000310
1572	0.597321	0.000301
1573	0.578059	0.000290
1574	0.558716	0.000278
1575	0.538488	0.000267
1576	0.518420	0.000257
1577	0.498353	0.000246
1578	0.478286	0.000235
1579	0.457654	0.000224
1580	0.437345	0.000214
1581	0.416634	0.000203
1582	0.396244	0.000193
1583	0.375694	0.000181
1584	0.354982	0.000171
1585	0.333868	0.000161
1586	0.313478	0.000150
1587	0.292606	0.000140
1588	0.271733	0.000130
1589	0.251102	0.000119
1590	0.229988	0.000108
1591	0.209035	0.000098
1592	0.187920	0.000088
1593	0.166806	0.000078
1594	0.145933	0.000066
1595	0.124900	0.000055
1596	0.103544	0.000046
1597	0.082269	0.000036
1598	0.061396	0.000024
1599	0.040040	0.000015
1600	0.019006	0.000005
1601	-0.002349	-0.000007
1602	-0.029303	-0.000019
1603	-0.056578	-0.000032
1604	-0.083289	-0.000045
1605	-0.110565	-0.000059
1606	-0.137760	-0.000072
1607	-0.164552	-0.000086
1608	-0.191827	-0.000099
1609	-0.218941	-0.000113
1610	-0.246136	-0.000128
1611	-0.273492	-0.000142
1612	-0.300767	-0.000156
1613	-0.327801	-0.000169
1614	-0.354995	-0.000182
1615	-0.382351	-0.000198
1616	-0.409466	-0.000212
1617	-0.436741	-0.000227
1618	-0.464258	-0.000242
1619	-0.491452	-0.000255
1620	-0.518647	-0.000273
1621	-0.545681	-0.000288
1622	-0.573520	-0.000299
1623	-0.600634	-0.000315
1624	-0.628070	-0.000327
1625	-0.655265	-0.000347
1626	-0.682621	-0.000359
1627	-0.710138	-0.000371
1628	-0.737735	-0.000381
1629	-0.765494	-0.000387
1630	-0.793333	-0.000391
1631	-0.821735	-0.000387
1632	-0.849333	-0.000393
1633	-0.877172	-0.000404
1634	-0.904205	-0.000423
1635	-0.931883	-0.000436
1636	-0.959561	-0.000443
1637	-0.986273	-0.000475
1638	-1.013709	-0.000494
1639	-1.041226	-0.000496
1640	-1.069790	-0.000478
1641	-1.096984	-0.000506
1642	-1.127561	-0.000450
1643	-1.158863	-0.000362
1644	-1.190647	-0.000268
1645	-1.223640	-0.000179
1646	-1.257679	-0.000081
1647	-1.285276	-0.000087
1648	-1.311102	-0.000091
1649	-1.338780	-0.000129
1650	-1.366458	-0.000135
1651	-1.395022	-0.000120
1652	-1.369115	-0.000087
1653	-1.339746	-0.000088
1654	-1.313679	-0.000101
1655	-1.286162	-0.000072
1656	-1.258001	-0.000076
1657	-1.229196	-0.000074
1658	-1.201840	-0.000067
1659	-1.173276	-0.000090
1660	-1.147209	-0.000068
1661	-1.118484	-0.000063
1662	-1.090565	-0.000066
1663	-1.063048	-0.000056
1664	-1.034565	-0.000065
1665	-1.006645	-0.000069
1666	-0.979853	-0.000060
1667	-0.950484	-0.000062
1668	-0.923692	-0.000051
1669	-0.895451	-0.000047
1670	-0.869061	-0.000044
1671	-0.840095	-0.000044
1672	-0.812900	-0.000036
1673	-0.784175	-0.000036
1674	-0.755853	-0.000047
1675	-0.728014	-0.000036
1676	-0.700819	-0.000028
1677	-0.673061	-0.000030
1678	-0.644739	-0.000031
1679	-0.616658	-0.000030
1680	-0.588900	-0.000028
1681	-0.560980	-0.000027
1682	-0.533222	-0.000022
1683	-0.505303	-0.000023
1684	-0.477303	-0.000022
1685	-0.449383	-0.000020
1686	-0.421464	-0.000019
1687	-0.393625	-0.000018
1688	-0.365544	-0.000017
1689	-0.337866	-0.000015
1690	-0.309947	-0.000015
1691	-0.282027	-0.000013
1692	-0.254027	-0.000012
1693	-0.226027	-0.000011
1694	-0.198188	-0.000010
1695	-0.170188	-0.000009
1696	-0.142430	-0.000008
1697	-0.114188	-0.000007
1698	-0.086349	-0.000006
1699	-0.058510	-0.000006
1700	-0.030913	-0.000005
1701	-0.002510	-0.000004
1702	0.019248	-0.000003
1703	0.041409	-0.000003
1704	0.063248	-0.000003
1705	0.085329	-0.000002
1706	0.107329	-0.000001
1707	0.129167	-0.000001
1708	0.151006	-0.000001
1709	0.173087	0.000000
1710	0.195167	0.000001
1711	0.217087	0.000001
1712	0.239087	0.000002
1713	0.260926	0.000002
1714	0.282604	0.000004
1715	0.304845	0.000004
1716	0.326362	0.000008
1717	0.348523	0.000003
1718	0.369799	0.000023
1719	0.391396	0.000019
1720	0.412510	0.000029
1721	0.435235	0.000023
1722	0.456993	0.000025
1723	0.478671	0.000024
1724	0.500913	0.000028
1725	0.523074	0.000030
1726	0.544913	0.000025
1727	0.566832	0.000030
1728	0.588510	0.000032
1729	0.610510	0.000034
1730	0.632027	0.000036
1731	0.652739	0.000053
1732	0.676832	0.000025
1733	0.699557	0.000026
1734	0.721235	0.000021
1735	0.742591	0.000023
1736	0.765235	0.000025
1737	0.786188	0.000035
1738	0.809074	0.000023
1739	0.831315	0.000024
1740	0.835198	0.000198
1741	0.844153	0.000278
1742	0.847874	0.000351
1743	0.861660	0.000370
1744	0.872226	0.000391
1745	0.857748	0.000419
1746	0.874917	0.000420
1747	0.881859	0.000422
1748	0.885661	0.000423
1749	0.885194	0.000424
1750	0.891653	0.000424
1751	0.888691	0.000424
1752	0.881266	0.000424
1753	0.877545	0.000424
1754	0.865046	0.000424
1755	0.855930	0.000424
1756	0.854383	0.000422
1757	0.843335	0.000421
1758	0.831722	0.000419
1759	0.817936	0.000417
1760	0.805035	0.000413
1761	0.788027	0.000409
1762	0.770939	0.000405
1763	0.758763	0.000395
1764	0.742883	0.000385
1765	0.725553	0.000379
1766	0.708304	0.000369
1767	0.690814	0.000359
1768	0.671874	0.000348
1769	0.654141	0.000338
1770	0.635443	0.000326
1771	0.616100	0.000315
1772	0.596919	0.000305
1773	0.577334	0.000294
1774	0.557589	0.000283
1775	0.538166	0.000273
1776	0.517857	0.000261
1777	0.498111	0.000250
1778	0.477883	0.000239
1779	0.457574	0.000229
1780	0.436621	0.000216
1781	0.416634	0.000207
1782	0.396003	0.000196
1783	0.375452	0.000184
1784	0.354821	0.000173
1785	0.333787	0.000163
1786	0.312995	0.000152
1787	0.292606	0.000141
1788	0.271733	0.000131
1789	0.250941	0.000120
1790	0.230068	0.000109
1791	0.209035	0.000099
1792	0.187759	0.000089
1793	0.166887	0.000078
1794	0.145611	0.000067
1795	0.124819	0.000057
1796	0.103624	0.000047
1797	0.082671	0.000035
1798	0.060993	0.000025
1799	0.040121	0.000015
1800	0.019087	0.000005
1801	-0.002430	-0.000006
1802	-0.029464	-0.000019
1803	-0.056336	-0.000032
1804	-0.083531	-0.000046
1805	-0.110484	-0.000060
1806	-0.137679	-0.000072
1807	-0.164793	-0.000087
1808	-0.191907	-0.000101
1809	-0.219022	-0.000114
1810	-0.246055	-0.000128
1811	-0.273411	-0.000142
1812	-0.300606	-0.000156
1813	-0.327640	-0.000170
1814	-0.355237	-0.000183
1815	-0.382271	-0.000199
1816	-0.409466	-0.000214
1817	-0.436660	-0.000227
1818	-0.463936	-0.000243
1819	-0.491291	-0.000259
1820	-0.518486	-0.000274
1821	-0.545761	-0.000288
1822	-0.573037	-0.000304
1823	-0.600312	-0.000321
1824	-0.627507	-0.000338
1825	-0.655104	-0.000348
1826	-0.682621	-0.000363
1827	-0.709896	-0.000379
1828	-0.737091	-0.000393
1829	-0.765011	-0.000401
1830	-0.792447	-0.000410
1831	-0.820125	-0.000421
1832	-0.847964	-0.000428
1833	-0.875481	-0.000445
1834	-0.902675	-0.000460
1835	-0.930514	-0.000465
1836	-0.958112	-0.000475
1837	-0.986434	-0.000469
1838	-1.014112	-0.000481
1839	-1.040662	-0.000520
1840	-1.068179	-0.000535
1841	-1.095213	-0.000553
1842	-1.123374	-0.000536
1843	-1.154675	-0.000457
1844	-1.180260	-0.000524
1845	-1.209065	-0.000447
1846	-1.256793	-0.000101
1847	-1.282619	-0.000117
1848	-1.311666	-0.000114
1849	-1.339585	-0.000116
1850	-1.369679	-0.000086
1851	-1.395666	-0.000093
1852	-1.368713	-0.000082
1853	-1.341035	-0.000077
1854	-1.313518	-0.000076
1855	-1.286162	-0.000070
1856	-1.259451	-0.000063
1857	-1.230967	-0.000060
1858	-1.203451	-0.000044
1859	-1.176256	-0.000047
1860	-1.147773	-0.000040
1861	-1.119612	-0.000038
1862	-1.092417	-0.000033
1863	-1.064417	-0.000044
1864	-1.036658	-0.000027
1865	-1.008900	-0.000040
1866	-0.980819	-0.000022
1867	-0.953303	-0.000025
1868	-0.925383	-0.000025
1869	-0.897383	-0.000022
1870	-0.869303	-0.000021
1871	-0.841544	-0.000020
1872	-0.813625	-0.000019
1873	-0.785625	-0.000018
1874	-0.757705	-0.000018
1875	-0.729947	-0.000017
1876	-0.701625	-0.000016
1877	-0.673786	-0.000015
1878	-0.645625	-0.000014
1879	-0.617786	-0.000016
1880	-0.589625	-0.000014
1881	-0.561947	-0.000014
1882	-0.533705	-0.000014
1883	-0.505947	-0.000013
1884	-0.477866	-0.000013
1885	-0.449866	-0.000012
1886	-0.421866	-0.000011
1887	-0.394027	-0.000010
1888	-0.366108	-0.000010
1889	-0.338188	-0.000009
1890	-0.310188	-0.000009
1891	-0.282349	-0.000008
1892	-0.254188	-0.000008
1893	-0.226349	-0.000008
1894	-0.198510	-0.000007
1895	-0.170269	-0.000006
1896	-0.142430	-0.000006
1897	-0.114510	-0.000006
1898	-0.086349	-0.000005
1899	-0.058752	-0.000005
1900	-0.030349	-0.000005
1901	-0.002510	-0.000004
1902	0.019329	-0.000004
1903	0.041490	-0.000003
1904	0.063490	-0.000003
1905	0.085248	-0.000003
1906	0.107329	-0.000003
1907	0.129248	-0.000002
1908	0.151329	-0.000002
1909	0.173006	-0.000002
1910	0.195087	-0.000001
1911	0.217087	-0.000001
1912	0.239006	-0.000001
1913	0.261167	-0.000000
1914	0.283006	0.000000
1915	0.305167	-0.000001
1916	0.326845	-0.000000
1917	0.349087	0.000000
1918	0.371006	0.000001
1919	0.393167	0.000001
1920	0.415006	0.000001
1921	0.436845	-0.000000
1922	0.458845	0.000000
1923	0.480765	0.000001
1924	0.502845	0.000001
1925	0.524845	0.000003
1926	0.547087	0.000002
1927	0.568604	0.000008
1928	0.590443	0.000006
1929	0.612040	0.000011
1930	0.634040	0.000013
1931	0.655960	0.000016
1932	0.678201	0.000014
1933	0.700040	0.000013
1934	0.722121	0.000010
1935	0.743879	0.000014
1936	0.765879	0.000011
1937	0.787476	0.000031
1938	0.809476	0.000027
1939	0.831315	0.000023
1940	0.853315	0.000028
1941	0.875557	0.000020
1942	0.897396	0.000021
1943	0.919396	0.000022
1944	0.940269	0.000029
1945	0.963315	0.000024
1946	0.984510	0.000030
1947	1.006913	0.000025
1948	1.025370	0.000059
1949	0.890106	0.000424
1950	0.895438	0.000424
1951	0.899481	0.000424
1952	0.890687	0.000424
1953	0.881168	0.000424
1954	0.872696	0.000424
1955	0.865271	0.000423
1956	0.850438	0.000423
1957	0.840919	0.000422
1958	0.831803	0.000420
1959	0.818982	0.000417
1960	0.805921	0.000412
1961	0.792054	0.000406
1962	0.777220	0.000398
1963	0.762467	0.000390
1964	0.745299	0.000381
1965	0.727406	0.000374
1966	0.710881	0.000364
1967	0.693149	0.000354
1968	0.674289	0.000343
1969	0.655349	0.000334
1970	0.635846	0.000322
1971	0.616986	0.000313
1972	0.597643	0.000302
1973	0.577898	0.000291
1974	0.557911	0.000280
1975	0.538166	0.000270
1976	0.517937	0.000259
1977	0.497950	0.000249
1978	0.477963	0.000239
1979	0.457252	0.000228
1980	0.437184	0.000217
1981	0.416473	0.000206
1982	0.395761	0.000195
1983	0.375533	0.000185
1984	0.354902	0.000174
1985	0.334029	0.000163
1986	0.313156	0.000153
1987	0.292606	0.000142
1988	0.271411	0.000130
1989	0.250860	0.000120
1990	0.229746	0.000110
1991	0.208874	0.000100
1992	0.187840	0.000089
1993	0.166887	0.000079
1994	0.145611	0.000068
1995	0.124658	0.000057
1996	0.103624	0.000046
1997	0.082349	0.000036
1998	0.061396	0.000026
1999	0.040040	0.000016
2000	0.018765	0.000005
2001	-0.002430	-0.000006
2002	-0.029383	-0.000019
2003	-0.056336	-0.000033
2004	-0.083531	-0.000046
2005	-0.110726	-0.000059
2006	-0.137598	-0.000074
2007	-0.164793	-0.000087
2008	-0.191907	-0.000100
2009	-0.219183	-0.000115
2010	-0.246458	-0.000127
2011	-0.273492	-0.000144
2012	-0.300606	-0.000156
2013	-0.328123	-0.000170
2014	-0.354915	-0.000185
2015	-0.382190	-0.000200
2016	-0.409546	-0.000214
2017	-0.436902	-0.000228
2018	-0.463775	-0.000243
2019	-0.491372	-0.000258
2020	-0.518728	-0.000271
2021	-0.546084	-0.000287
2022	-0.573278	-0.000301
2023	-0.600634	-0.000316
2024	-0.628151	-0.000330
2025	-0.655426	-0.000344
2026	-0.682702	-0.000359
2027	-0.710218	-0.000371
2028	-0.737655	-0.000381
2029	-0.765816	-0.000383
2030	-0.793574	-0.000393
2031	-0.820688	-0.000410
2032	-0.848447	-0.000415
2033	-0.876205	-0.000420
2034	-0.903561	-0.000435
2035	-0.931481	-0.000443
2036	-0.958514	-0.000463
2037	-0.986192	-0.000478
2038	-1.014273	-0.000473
2039	-1.041065	-0.000508
2040	-1.068421	-0.000519
2041	-1.096260	-0.000532
2042	-1.124582	-0.000504
2043	-1.154997	-0.000441
2044	-1.201357	-0.000080
2045	-1.228713	-0.000092
2046	-1.258001	-0.000076
2047	-1.281572	-0.000082
2048	-1.313115	-0.000097
2049	-1.341921	-0.000086
2050	-1.367746	-0.000110
2051	-1.396069	-0.000114
2052	-1.370243	-0.000075
2053	-1.341437	-0.000081
2054	-1.313518	-0.000069
2055	-1.286967	-0.000064
2056	-1.258565	-0.000062
2057	-1.231692	-0.000046
2058	-1.201840	-0.000060
2059	-1.175692	-0.000047
2060	-1.147853	-0.000039
2061	-1.119853	-0.000045
2062	-1.091853	-0.000043
2063	-1.064658	-0.000032
2064	-1.036739	-0.000034
2065	-1.009303	-0.000027
2066	-0.981464	-0.000029
2067	-0.953222	-0.000023
2068	-0.924578	-0.000030
2069	-0.897303	-0.000024
2070	-0.869383	-0.000022
2071	-0.841464	-0.000021
2072	-0.813544	-0.000022
2073	-0.785625	-0.000019
2074	-0.757625	-0.000019
2075	-0.729625	-0.000020
2076	-0.701705	-0.000019
2077	-0.674269	-0.000018
2078	-0.646027	-0.000016
2079	-0.618027	-0.000015
2080	-0.589947	-0.000014
2081	-0.561947	-0.000013
2082	-0.533866	-0.000012
2083	-0.506188	-0.000012
2084	-0.478188	-0.000011
2085	-0.450188	-0.000011
2086	-0.422430	-0.000010
2087	-0.394188	-0.000010
2088	-0.366591	-0.000009
2089	-0.338671	-0.000008
2090	-0.310510	-0.000008
2091	-0.282671	-0.000007
2092	-0.254349	-0.000007
2093	-0.226510	-0.000007
2094	-0.198430	-0.000006
2095	-0.170591	-0.000006
2096	-0.142671	-0.000006
2097	-0.114430	-0.000005
2098	-0.086591	-0.000005
2099	-0.058510	-0.000005
2100	-0.030671	-0.000005
2101	-0.002913	-0.000004
2102	0.019167	-0.000004
2103	0.041329	-0.000004
2104	0.063087	-0.000004
2105	0.085248	-0.000003
2106	0.107248	-0.000003
2107	0.129087	-0.000003
2108	0.151006	-0.000003
2109	0.173329	-0.000002
2110	0.195006	-0.000002
2111	0.217329	-0.000002
2112	0.239329	-0.000002
2113	0.261087	-0.000001
2114	0.283006	-0.000002
2115	0.305167	-0.000001
2116	0.327087	-0.000000
2117	0.349167	0.000000
2118	0.371006	-0.000000
2119	0.392765	0.000001
2120	0.414926	0.000001
2121	0.437006	0.000001
2122	0.458845	0.000003
2123	0.481006	0.000003
2124	0.502362	0.000009
2125	0.524523	0.000004
2126	0.546362	0.000005
2127	0.568765	0.000005
2128	0.590604	0.000006
2129	0.612604	0.000005
2130	0.634765	0.000006
2131	0.656443	0.000008
2132	0.678201	0.000008
2133	0.700523	0.000009
2134	0.722201	0.000010
2135	0.744443	0.000010
2136	0.765879	0.000017
2137	0.787960	0.000009
2138	0.810040	0.000012
2139	0.832201	0.000010
2140	0.853799	0.000011
2141	0.875799	0.000022
2142	0.896188	0.000029
2143	0.916658	0.000054
2144	0.938014	0.000049
2145	0.961141	0.000044
2146	0.984269	0.000045
2147	0.882262	0.000422
2148	0.876481	0.000424
2149	0.872794	0.000424
2150	0.877078	0.000424
2151	0.872827	0.000424
2152	0.861376	0.000424
2153	0.857414	0.000424
2154	0.857719	0.000424
2155	0.851260	0.000424
2156	0.842063	0.000423
2157	0.829726	0.000423
2158	0.827535	0.000421
2159	0.816164	0.000418
2160	0.803505	0.000414
2161	0.789799	0.000408
2162	0.774804	0.000400
2163	0.761984	0.000390
2164	0.744816	0.000385
2165	0.727969	0.000373
2166	0.710398	0.000363
2167	0.692344	0.000353
2168	0.673726	0.000343
2169	0.654705	0.000334
2170	0.636087	0.000322
2171	0.616342	0.000313
2172	0.597402	0.000302
2173	0.577576	0.000291
2174	0.557267	0.000280
2175	0.538085	0.000269
2176	0.518259	0.000258
2177	0.498192	0.000248
2178	0.477722	0.000237
2179	0.457413	0.000227
2180	0.436862	0.000215
2181	0.416634	0.000205
2182	0.396003	0.000194
2183	0.375613	0.000183
2184	0.354982	0.000173
2185	0.333707	0.000162
2186	0.313156	0.000152
2187	0.292606	0.000140
2188	0.271330	0.000130
2189	0.251021	0.000120
2190	0.229907	0.000109
2191	0.208632	0.000097
2192	0.187759	0.000088
2193	0.167048	0.000078
2194	0.145692	0.000067
2195	0.124900	0.000057
2196	0.103785	0.000047
2197	0.082269	0.000035
2198	0.061235	0.000026
2199	0.040121	0.000014
2200	0.018765	0.000005
2201	-0.002349	-0.000006
2202	-0.029464	-0.000019
2203	-0.056739	-0.000032
2204	-0.083773	-0.000045
2205	-0.110726	-0.000060
2206	-0.137760	-0.000073
2207	-0.165357	-0.000087
2208	-0.192069	-0.000101
2209	-0.219183	-0.000114
2210	-0.246539	-0.000129
2211	-0.273733	-0.000141
2212	-0.300767	-0.000156
2213	-0.328284	-0.000170
2214	-0.354834	-0.000184
2215	-0.382351	-0.000197
2216	-0.409868	-0.000213
2217	-0.436982	-0.000228
2218	-0.464258	-0.000242
2219	-0.491613	-0.000257
2220	-0.518889	-0.000271
2221	-0.546084	-0.000286
2222	-0.573600	-0.000300
2223	-0.600715	-0.000313
2224	-0.628393	-0.000333
2225	-0.655346	-0.000344
2226	-0.682702	-0.000363
2227	-0.710460	-0.000375
2228	-0.738057	-0.000381
2229	-0.765574	-0.000389
2230	-0.793494	-0.000396
2231	-0.821011	-0.000400
2232	-0.848366	-0.000414
2233	-0.876447	-0.000425
2234	-0.903481	-0.000439
2235	-0.931239	-0.000452
2236	-0.957951	-0.000481
2237	-0.985870	-0.000481
2238	-1.013145	-0.000502
2239	-1.040099	-0.000535
2240	-1.067776	-0.000552
2241	-1.094971	-0.000571
2242	-1.126675	-0.000479
2243	-1.167801	-0.000178
2244	-1.194995	-0.000192
2245	-1.228391	-0.000102
2246	-1.254941	-0.000103
2247	-1.284874	-0.000083
2248	-1.312471	-0.000096
2249	-1.340149	-0.000092
2250	-1.368632	-0.000100
2251	-1.394619	-0.000099
2252	-1.367585	-0.000148
2253	-1.342484	-0.000088
2254	-1.312391	-0.000102
2255	-1.284874	-0.000095
2256	-1.257921	-0.000099
2257	-1.228954	-0.000088
2258	-1.201357	-0.000081
2259	-1.174001	-0.000071
2260	-1.145598	-0.000078
2261	-1.116149	-0.000089
2262	-1.090082	-0.000075
2263	-1.062243	-0.000068
2264	-1.034806	-0.000063
2265	-1.006806	-0.000062
2266	-0.979048	-0.000058
2267	-0.951128	-0.000055
2268	-0.923289	-0.000053
2269	-0.896014	-0.000044
2270	-0.868256	-0.000042
2271	-0.840014	-0.000043
2272	-0.811853	-0.000041
2273	-0.784819	-0.000033
2274	-0.756739	-0.000033
2275	-0.728980	-0.000030
2276	-0.700739	-0.000028
2277	-0.672336	-0.000024
2278	-0.645705	-0.000019
2279	-0.617303	-0.000021
2280	-0.589705	-0.000023
2281	-0.561705	-0.000021
2282	-0.533625	-0.000020
2283	-0.505303	-0.000019
2284	-0.477625	-0.000018
2285	-0.449544	-0.000017
2286	-0.421705	-0.000016
2287	-0.394027	-0.000015
2288	-0.366430	-0.000014
2289	-0.338430	-0.000013
2290	-0.310108	-0.000012
2291	-0.282108	-0.000011
2292	-0.254027	-0.000010
2293	-0.226430	-0.000010
2294	-0.198349	-0.000009
2295	-0.170430	-0.000008
2296	-0.142671	-0.000007
2297	-0.114349	-0.000006
2298	-0.086510	-0.000006
2299	-0.058510	-0.000005
2300	-0.030752	-0.000005
2301	-0.002430	-0.000004
2302	0.019087	-0.000004
2303	0.041329	-0.000003
2304	0.063248	-0.000003
2305	0.085006	-0.000002
2306	0.107248	-0.000002
2307	0.129087	-0.000001
2308	0.150845	-0.000001
2309	0.172926	-0.000001
2310	0.195167	0.000000
2311	0.216765	-0.000000
2312	0.238684	0.000000
2313	0.260765	0.000001
2314	0.283006	0.000003
2315	0.304684	0.000004
2316	0.326845	0.000004
2317	0.348362	0.000007
2318	0.370121	0.000008
2319	0.392201	0.000009
2320	0.414201	0.000010
2321	0.435960	0.000010
2322	0.458121	0.000012
2323	0.480040	0.000013
2324	0.502040	0.000008
2325	0.523718	0.000016
2326	0.545557	0.000021
2327	0.567315	0.000022
2328	0.590121	0.000013
2329	0.611799	0.000015
2330	0.633476	0.000028
2331	0.655557	0.000019
2332	0.677718	0.000017
2333	0.699799	0.000019
2334	0.720671	0.000027
2335	0.743557	0.000020
2336	0.765154	0.000019
2337	0.787476	0.000023
2338	0.809638	0.000022
2339	0.831074	0.000025
2340	0.852108	0.000030
2341	0.870726	0.000070
2342	0.856329	0.000321
2343	0.861660	0.000370
2344	0.859503	0.000406
2345	0.867331	0.000416
2346	0.871293	0.000421
2347	0.874290	0.000423
2348	0.878494	0.000424
2349	0.882376	0.000424
2350	0.885453	0.000424
2351	0.882732	0.000424
2352	0.873374	0.000424
2353	0.873116	0.000424
2354	0.864241	0.000424
2355	0.857219	0.000424
2356	0.844882	0.000423
2357	0.835926	0.000422
2358	0.828501	0.000420
2359	0.817936	0.000417
2360	0.805115	0.000413
2361	0.791731	0.000407
2362	0.774563	0.000402
2363	0.761260	0.000391
2364	0.744010	0.000384
2365	0.726439	0.000376
2366	0.709915	0.000366
2367	0.692102	0.000353
2368	0.673565	0.000346
2369	0.654786	0.000335
2370	0.635604	0.000324
2371	0.615778	0.000316
2372	0.596435	0.000304
2373	0.577576	0.000293
2374	0.557589	0.000283
2375	0.537441	0.000273
2376	0.517937	0.000263
2377	0.497387	0.000252
2378	0.477158	0.000241
2379	0.456769	0.000229
2380	0.436540	0.000220
2381	0.416312	0.000209
2382	0.395439	0.000197
2383	0.374486	0.000187
2384	0.354338	0.000176
2385	0.333787	0.000165
2386	0.312995	0.000154
2387	0.292203	0.000143
2388	0.271411	0.000134
2389	0.250297	0.000122
2390	0.229344	0.000112
2391	0.208632	0.000101
2392	0.187759	0.000091
2393	0.166726	0.000079
2394	0.145692	0.000069
2395	0.124578	0.000058
2396	0.103222	0.000048
2397	0.082349	0.000037
2398	0.061315	0.000026
2399	0.040121	0.000016
2400	0.019087	0.000004
2401	-0.002833	-0.000006
2402	-0.029222	-0.000021
2403	-0.056256	-0.000034
2404	-0.083370	-0.000047
2405	-0.110645	-0.000060
2406	-0.137598	-0.000074
2407	-0.164713	-0.000087
2408	-0.191746	-0.000101
2409	-0.218780	-0.000116
2410	-0.245975	-0.000130
2411	-0.273250	-0.000144
2412	-0.300284	-0.000158
2413	-0.327801	-0.000173
2414	-0.354754	-0.000187
2415	-0.381949	-0.000201
2416	-0.409385	-0.000214
2417	-0.436660	-0.000231
2418	-0.464177	-0.000244
2419	-0.491211	-0.000258
2420	-0.518325	-0.000273
2421	-0.545761	-0.000289
2422	-0.573198	-0.000305
2423	-0.600231	-0.000321
2424	-0.627668	-0.000336
2425	-0.655346	-0.000350
2426	-0.682540	-0.000363
2427	-0.710057	-0.000376
2428	-0.737896	-0.000377
2429	-0.765494	-0.000388
2430	-0.793011	-0.000400
2431	-0.820769	-0.000412
2432	-0.848447	-0.000415
2433	-0.875883	-0.000427
2434	-0.903642	-0.000432
2435	-0.930917	-0.000451
2436	-0.958514	-0.000463
2437	-0.986353	-0.000479
2438	-1.013145	-0.000498
2439	-1.041629	-0.000501
2440	-1.068984	-0.000514
2441	-1.096260	-0.000539
2442	-1.126917	-0.000486
2443	-1.157252	-0.000396
2444	-1.191130	-0.000268
2445	-1.230484	-0.000071
2446	-1.256713	-0.000089
2447	-1.283988	-0.000104
2448	-1.311585	-0.000119
2449	-1.341518	-0.000080
2450	-1.369196	-0.000106
2451	-1.396230	-0.000090
2452	-1.368713	-0.000084
2453	-1.341598	-0.000070
2454	-1.313760	-0.000077
2455	-1.284713	-0.000073
2456	-1.257598	-0.000081
2457	-1.230404	-0.000071
2458	-1.200632	-0.000066
2459	-1.175209	-0.000048
2460	-1.147048	-0.000065
2461	-1.119612	-0.000050
2462	-1.091531	-0.000046
2463	-1.063773	-0.000047
2464	-1.035773	-0.000044
2465	-1.008175	-0.000042
2466	-0.980336	-0.000038
2467	-0.952497	-0.000036
2468	-0.924658	-0.000034
2469	-0.896497	-0.000033
2470	-0.869142	-0.000031
2471	-0.840819	-0.000030
2472	-0.812900	-0.000028
2473	-0.785222	-0.000028
2474	-0.757061	-0.000026
2475	-0.729142	-0.000025
2476	-0.701303	-0.000024
2477	-0.673142	-0.000023
2478	-0.645544	-0.000022
2479	-0.617786	-0.000020
2480	-0.589544	-0.000020
2481	-0.561544	-0.000019
2482	-0.533303	-0.000018
2483	-0.505786	-0.000016
2484	-0.477947	-0.000016
2485	-0.449866	-0.000014
2486	-0.421866	-0.000014
2487	-0.393866	-0.000013
2488	-0.366108	-0.000012
2489	-0.338188	-0.000011
2490	-0.310349	-0.000010
2491	-0.282188	-0.000010
2492	-0.254269	-0.000009
2493	-0.226269	-0.000009
2494	-0.198349	-0.000008
2495	-0.170430	-0.000007
2496	-0.142430	-0.000007
2497	-0.114671	-0.000006
2498	-0.086591	-0.000006
2499	-0.058430	-0.000005
2500	-0.030913	-0.000004
2501	-0.002510	-0.000004
2502	0.019409	-0.000004
2503	0.041248	-0.000004
2504	0.063329	-0.000003
2505	0.085248	-0.000002
2506	0.107167	-0.000003
2507	0.129329	-0.000002
2508	0.151087	-0.000002
2509	0.173167	-0.000001
2510	0.195087	-0.000001
2511	0.216845	0.000002
2512	0.238523	0.000002
2513	0.261006	0.000002
2514	0.282845	0.000001
2515	0.304523	0.000002
2516	0.326845	0.000002
2517	0.348765	0.000003
2518	0.370845	0.000004
2519	0.392684	0.000004
2520	0.414926	0.000003
2521	0.437087	0.000002
2522	0.458765	0.000002
2523	0.480845	0.000003
2524	0.502443	0.000003
2525	0.524845	0.000004
2526	0.546684	0.000005
2527	0.568684	0.000005
2528	0.590443	0.000006
2529	0.612765	0.000005
2530	0.632832	0.000028
2531	0.653061	0.000051
2532	0.674900	0.000050
2533	0.698108	0.000040
2534	0.719866	0.000042
2535	0.741705	0.000043
2536	0.763624	0.000045
2537	0.783933	0.000062
2538	0.805531	0.000066
2539	0.828497	0.000057
2540	0.850658	0.000053
2541	0.872094	0.000061
2542	0.896027	0.000044
2543	0.917624	0.000042
2544	0.939463	0.000049
2545	0.961383	0.000046
2546	0.982175	0.000064
2547	0.890878	0.000422
2548	0.891378	0.000423
2549	0.880766	0.000424
2550	0.883681	0.000424
2551	0.886517	0.000424
2552	0.883279	0.000424
2553	0.886080	0.000424
2554	0.869475	0.000424
2555	0.860681	0.000423
2556	0.855350	0.000423
2557	0.849213	0.000421
2558	0.843479	0.000416
2559	0.822445	0.000416
2560	0.807370	0.000414
2561	0.794147	0.000405
2562	0.779153	0.000397
2563	0.762951	0.000389
2564	0.746426	0.000380
2565	0.728855	0.000371
2566	0.710962	0.000362
2567	0.693391	0.000352
2568	0.674934	0.000340
2569	0.655510	0.000331
2570	0.636651	0.000321
2571	0.617630	0.000311
2572	0.597965	0.000299
2573	0.578542	0.000289
2574	0.558394	0.000278
2575	0.538649	0.000269
2576	0.518259	0.000256
2577	0.498595	0.000247
2578	0.478366	0.000237
2579	0.457896	0.000225
2580	0.437668	0.000214
2581	0.416714	0.000204
2582	0.396003	0.000193
2583	0.375935	0.000183
2584	0.354982	0.000172
2585	0.334109	0.000162
2586	0.313237	0.000151
2587	0.292445	0.000140
2588	0.271653	0.000129
2589	0.250780	0.000119
2590	0.229827	0.000108
2591	0.209035	0.000098
2592	0.188081	0.000088
2593	0.166726	0.000077
2594	0.145772	0.000066
2595	0.125061	0.000056
2596	0.103624	0.000046
2597	0.082349	0.000036
2598	0.061235	0.000025
2599	0.039879	0.000014
2600	0.018926	0.000004
2601	-0.002269	-0.000006
2602	-0.029464	-0.000017
2603	-0.056417	-0.000033
2604	-0.083289	-0.000046
2605	-0.110806	-0.000059
2606	-0.138082	-0.000073
2607	-0.164793	-0.000087
2608	-0.191746	-0.000100
2609	-0.218861	-0.000114
2610	-0.246700	-0.000127
2611	-0.273653	-0.000142
2612	-0.300767	-0.000156
2613	-0.327881	-0.000170
2614	-0.355076	-0.000183
2615	-0.382351	-0.000198
2616	-0.409385	-0.000212
2617	-0.436902	-0.000228
2618	-0.464499	-0.000242
2619	-0.491452	-0.000254
2620	-0.518647	-0.000272
2621	-0.545842	-0.000286
2622	-0.573359	-0.000301
2623	-0.600473	-0.000316
2624	-0.627909	-0.000333
2625	-0.655265	-0.000348
2626	-0.683024	-0.000356
2627	-0.710299	-0.000367
2628	-0.737896	-0.000376
2629	-0.765655	-0.000386
2630	-0.793574	-0.000394
2631	-0.821091	-0.000399
2632	-0.848608	-0.000409
2633	-0.876769	-0.000408
2634	-0.903722	-0.000428
2635	-0.931239	-0.000447
2636	-0.958756	-0.000464
2637	-0.986353	-0.000469
2638	-1.013226	-0.000498
2639	-1.041387	-0.000497
2640	-1.068743	-0.000516
2641	-1.096823	-0.000512
2642	-1.126192	-0.000464
2643	-1.154836	-0.000433
2644	-1.201437	-0.000071
2645	-1.228471	-0.000081
2646	-1.255183	-0.000104
2647	-1.284149	-0.000105
2648	-1.312793	-0.000097
2649	-1.340069	-0.000096
2650	-1.368149	-0.000106
2651	-1.393814	-0.000143
2652	-1.367907	-0.000107
2653	-1.338458	-0.000120
2654	-1.311907	-0.000112
2655	-1.285760	-0.000096
2656	-1.255907	-0.000102
2657	-1.228874	-0.000093
2658	-1.200552	-0.000082
2659	-1.174001	-0.000076
2660	-1.146645	-0.000063
2661	-1.118323	-0.000076
2662	-1.089840	-0.000086
2663	-1.062484	-0.000066
2664	-1.034806	-0.000044
2665	-1.005679	-0.000068
2666	-0.980095	-0.000044
2667	-0.952014	-0.000043
2668	-0.923853	-0.000041
2669	-0.896014	-0.000039
2670	-0.868256	-0.000039
2671	-0.840497	-0.000037
2672	-0.812497	-0.000036
2673	-0.784658	-0.000034
2674	-0.756739	-0.000033
2675	-0.728739	-0.000032
2676	-0.700578	-0.000031
2677	-0.672900	-0.000029
2678	-0.645061	-0.000028
2679	-0.617061	-0.000027
2680	-0.589061	-0.000026
2681	-0.561061	-0.000024
2682	-0.533464	-0.000023
2683	-0.505705	-0.000022
2684	-0.477464	-0.000021
2685	-0.449544	-0.000020
2686	-0.421544	-0.000019
2687	-0.393705	-0.000018
2688	-0.366027	-0.000017
2689	-0.338027	-0.000016
2690	-0.310108	-0.000014
2691	-0.282108	-0.000014
2692	-0.253947	-0.000013
2693	-0.226188	-0.000012
2694	-0.198188	-0.000011
2695	-0.170671	-0.000009
2696	-0.142349	-0.000009
2697	-0.114591	-0.000008
2698	-0.086349	-0.000007
2699	-0.058510	-0.000006
2700	-0.030671	-0.000005
2701	-0.002752	-0.000004
2702	0.019006	-0.000003
2703	0.041248	-0.000003
2704	0.063006	-0.000002
2705	0.085006	-0.000001
2706	0.106926	-0.000001
2707	0.128845	0.000000
2708	0.150845	0.000001
2709	0.173006	0.000001
2710	0.194604	0.000004
2711	0.216765	0.000006
2712	0.238282	0.000007
2713	0.260201	0.000007
2714	0.282362	0.000008
2715	0.304201	0.000008
2716	0.326845	0.000003
2717	0.348845	0.000003
2718	0.370443	0.000007
2719	0.392121	0.000008
2720	0.414201	0.000009
2721	0.436362	0.000010
2722	0.458362	0.000010
2723	0.480121	0.000011
2724	0.502121	0.000012
2725	0.523799	0.000013
2726	0.545557	0.000016
2727	0.566591	0.000029
2728	0.588510	0.000032
2729	0.610027	0.000036
2730	0.631544	0.000043
2731	0.652900	0.000049
2732	0.674819	0.000052
2733	0.695772	0.000059
2734	0.718819	0.000056
2735	0.740336	0.000055
2736	0.762417	0.000055
2737	0.784980	0.000050
2738	0.804726	0.000078
2739	0.826726	0.000076
2740	0.833345	0.000212
2741	0.845602	0.000269
2742	0.860113	0.000306
2743	0.862385	0.000368
2744	0.862482	0.000402
2745	0.871115	0.000412
2746	0.874112	0.000420
2747	0.883308	0.000422
2748	0.880910	0.000423
2749	0.890670	0.000424
2750	0.886741	0.000424
2751	0.881121	0.000424
2752	0.869912	0.000424
2753	0.864419	0.000424
2754	0.850713	0.000424
2755	0.842483	0.000424
2756	0.837554	0.000424
2757	0.829807	0.000423
2758	0.826810	0.000421
2759	0.818338	0.000417
2760	0.803746	0.000413
2761	0.791087	0.000407
2762	0.774643	0.000401
2763	0.758039	0.000395
2764	0.743125	0.000386
2765	0.725473	0.000378
2766	0.709110	0.000367
2767	0.691055	0.000354
2768	0.673645	0.000344
2769	0.655349	0.000333
2770	0.636007	0.000324
2771	0.616583	0.000312
2772	0.597402	0.000302
2773	0.577254	0.000291
2774	0.557589	0.000281
2775	0.537924	0.000270
2776	0.517696	0.000260
2777	0.497548	0.000249
2778	0.478044	0.000238
2779	0.457010	0.000227
2780	0.437023	0.000216
2781	0.416634	0.000206
2782	0.395761	0.000195
2783	0.374889	0.000185
2784	0.354902	0.000174
2785	0.333948	0.000163
2786	0.312593	0.000151
2787	0.292284	0.000141
2788	0.271733	0.000131
2789	0.250699	0.000121
2790	0.230149	0.000108
2791	0.208954	0.000098
2792	0.187759	0.000087
2793	0.166806	0.000079
2794	0.145933	0.000067
2795	0.124578	0.000057
2796	0.103705	0.000047
2797	0.082510	0.000036
2798	0.061315	0.000025
2799	0.039718	0.000014
2800	0.019087	0.000006
2801	-0.002349	-0.000006
2802	-0.029383	-0.000019
2803	-0.056497	-0.000032
2804	-0.083692	-0.000045
2805	-0.110565	-0.000058
2806	-0.137760	-0.000073
2807	-0.164793	-0.000086
2808	-0.191988	-0.000099
2809	-0.219183	-0.000115
2810	-0.246377	-0.000127
2811	-0.273411	-0.000142
2812	-0.300686	-0.000155
2813	-0.327801	-0.000170
2814	-0.354995	-0.000185
2815	-0.382432	-0.000201
2816	-0.409546	-0.000212
2817	-0.436741	-0.000229
2818	-0.464097	-0.000243
2819	-0.491372	-0.000257
2820	-0.518486	-0.000271
2821	-0.545761	-0.000288
2822	-0.573359	-0.000303
2823	-0.600554	-0.000319
2824	-0.627748	-0.000335
2825	-0.655265	-0.000347
2826	-0.682460	-0.000364
2827	-0.710299	-0.000368
2828	-0.737816	-0.000389
2829	-0.765252	-0.000393
2830	-0.793011	-0.000402
2831	-0.820849	-0.000406
2832	-0.848769	-0.000408
2833	-0.876286	-0.000418
2834	-0.903964	-0.000433
2835	-0.931561	-0.000443
2836	-0.958997	-0.000458
2837	-0.985951	-0.000480
2838	-1.014192	-0.000471
2839	-1.041548	-0.000490
2840	-1.068501	-0.000531
2841	-1.096904	-0.000508
2842	-1.124662	-0.000525
2843	-1.155722	-0.000435
2844	-1.189922	-0.000290
2845	-1.226458	-0.000123
2846	-1.255827	-0.000119
2847	-1.284391	-0.000104
2848	-1.310861	-0.000126
2849	-1.336606	-0.000124
2850	-1.367102	-0.000122
2851	-1.397035	-0.000094
2852	-1.368632	-0.000091
2853	-1.340391	-0.000086
2854	-1.312713	-0.000078
2855	-1.286162	-0.000070
2856	-1.257598	-0.000083
2857	-1.230243	-0.000060
2858	-1.201276	-0.000079
2859	-1.174082	-0.000065
2860	-1.147289	-0.000053
2861	-1.119370	-0.000051
2862	-1.091370	-0.000050
2863	-1.063289	-0.000050
2864	-1.035773	-0.000048
2865	-1.008578	-0.000044
2866	-0.980095	-0.000037
2867	-0.952417	-0.000036
2868	-0.924175	-0.000038
2869	-0.895934	-0.000039
2870	-0.867934	-0.000044
2871	-0.840497	-0.000041
2872	-0.812578	-0.000031
2873	-0.785142	-0.000022
2874	-0.757383	-0.000020
2875	-0.729464	-0.000019
2876	-0.701866	-0.000018
2877	-0.673866	-0.000017
2878	-0.645786	-0.000016
2879	-0.617866	-0.000015
2880	-0.589866	-0.000015
2881	-0.561866	-0.000013
2882	-0.533947	-0.000015
2883	-0.505786	-0.000011
2884	-0.478108	-0.000013
2885	-0.450027	-0.000012
2886	-0.422188	-0.000011
2887	-0.394188	-0.000010
2888	-0.366430	-0.000010
2889	-0.338269	-0.000009
2890	-0.310430	-0.000009
2891	-0.282349	-0.000008
2892	-0.254188	-0.000008
2893	-0.226188	-0.000007
2894	-0.198591	-0.000006
2895	-0.170430	-0.000006
2896	-0.142349	-0.000006
2897	-0.114430	-0.000005
2898	-0.086510	-0.000005
2899	-0.058671	-0.000005
2900	-0.030671	-0.000004
2901	-0.002430	-0.000004
2902	0.019329	-0.000004
2903	0.041248	-0.000004
2904	0.063329	-0.000004
2905	0.085490	-0.000003
2906	0.107167	-0.000003
2907	0.129248	-0.000002
2908	0.151329	-0.000002
2909	0.173167	-0.000002
2910	0.195167	-0.000001
2911	0.217167	-0.000001
2912	0.239087	-0.000001
2913	0.261006	-0.000001
2914	0.283087	-0.000000
2915	0.304926	-0.000000
2916	0.327006	0.000001
2917	0.348845	0.000001
2918	0.371006	0.000001
2919	0.392684	0.000003
2920	0.415006	0.000003
2921	0.436765	0.000004
2922	0.459087	0.000003
2923	0.480926	0.000002
2924	0.502604	0.000005
2925	0.524926	0.000004
2926	0.546684	0.000004
2927	0.568765	0.000005
2928	0.590926	0.000006
2929	0.612765	0.000004
2930	0.634523	0.000006
2931	0.656443	0.000006
2932	0.678604	0.000008
2933	0.700362	0.000008
2934	0.721879	0.000009
2935	0.744362	0.000010
2936	0.766201	0.000011
2937	0.788362	0.000009
2938	0.810362	0.000012
2939	0.832282	0.000011
2940	0.853315	0.000031
2941	0.874671	0.000028
2942	0.895544	0.000047
2943	0.917705	0.000046
2944	0.936726	0.000075
2945	0.863144	0.000416
2946	0.860020	0.000422
2947	0.866801	0.000423
2948	0.878333	0.000424
2949	0.876417	0.000424
2950	0.889640	0.000424
2951	0.888691	0.000424
2952	0.885453	0.000424
2953	0.874163	0.000424
2954	0.861101	0.000424
2955	0.851824	0.000424
2956	0.840694	0.000423
2957	0.833752	0.000423
2958	0.825119	0.000421
2959	0.811252	0.000419
2960	0.798432	0.000416
2961	0.785773	0.000411
2962	0.769651	0.000407
2963	0.757878	0.000397
2964	0.741836	0.000388
2965	0.724829	0.000379
2966	0.707741	0.000368
2967	0.689928	0.000358
2968	0.671793	0.000350
2969	0.653658	0.000339
2970	0.633993	0.000329
2971	0.615376	0.000317
2972	0.595791	0.000307
2973	0.576046	0.000298
2974	0.557186	0.000285
2975	0.536797	0.000276
2976	0.517454	0.000264
2977	0.497145	0.000253
2978	0.477239	0.000241
2979	0.456849	0.000230
2980	0.436540	0.000220
2981	0.416070	0.000209
2982	0.395842	0.000198
2983	0.374969	0.000188
2984	0.354499	0.000177
2985	0.333868	0.000165
2986	0.313076	0.000155
2987	0.292445	0.000143
2988	0.271330	0.000133
2989	0.250699	0.000123
2990	0.229344	0.000110
2991	0.208632	0.000101
2992	0.187759	0.000090
2993	0.166887	0.000079
2994	0.145692	0.000068
2995	0.124658	0.000058
2996	0.103544	0.000047
2997	0.082349	0.000036
2998	0.061396	0.000026
2999	0.040121	0.000015
3000	0.019006	0.000005
3001	-0.002430	-0.000006
3002	-0.029464	-0.000020
3003	-0.056497	-0.000034
3004	-0.083370	-0.000046
3005	-0.110243	-0.000061
3006	-0.137437	-0.000075
3007	-0.164713	-0.000090
3008	-0.191907	-0.000103
3009	-0.218861	-0.000119
3010	-0.246216	-0.000132
3011	-0.273331	-0.000147
3012	-0.300364	-0.000160
3013	-0.327801	-0.000174
3014	-0.354995	-0.000188
3015	-0.382190	-0.000204
3016	-0.409304	-0.000219
3017	-0.436499	-0.000232
3018	-0.463855	-0.000246
3019	-0.490889	-0.000262
3020	-0.518245	-0.000279
3021	-0.545681	-0.000293
3022	-0.572956	-0.000308
3023	-0.600715	-0.000322
3024	-0.627587	-0.000337
3025	-0.655024	-0.000352
3026	-0.682621	-0.000368
3027	-0.710138	-0.000376
3028	-0.737494	-0.000383
3029	-0.764930	-0.000398
3030	-0.793091	-0.000398
3031	-0.820527	-0.000413
3032	-0.847883	-0.000429
3033	-0.875239	-0.000441
3034	-0.903239	-0.000443
3035	-0.930997	-0.000457
3036	-0.958353	-0.000469
3037	-0.985145	-0.000501
3038	-1.012743	-0.000522
3039	-1.039615	-0.000546
3040	-1.067857	-0.000559
3041	-1.096582	-0.000527
3042	-1.125548	-0.000493
3043	-1.156205	-0.000443
3044	-1.200149	-0.000103
3045	-1.228230	-0.000088
3046	-1.259128	-0.000069
3047	-1.285518	-0.000099
3048	-1.312310	-0.000089
3049	-1.340149	-0.000096
3050	-1.369598	-0.000114
3051	-1.396552	-0.000093
3052	-1.368954	-0.000087
3053	-1.340793	-0.000081
3054	-1.313437	-0.000077
3055	-1.284713	-0.000078
3056	-1.258726	-0.000073
3057	-1.229437	-0.000079
3058	-1.201276	-0.000058
3059	-1.174162	-0.000071
3060	-1.144874	-0.000075
3061	-1.118887	-0.000067
3062	-1.091451	-0.000050
3063	-1.062484	-0.000063
3064	-1.033840	-0.000057
3065	-1.006162	-0.000069
3066	-0.978967	-0.000055
3067	-0.951048	-0.000051
3068	-0.924014	-0.000039
3069	-0.896739	-0.000030
3070	-0.867048	-0.000040
3071	-0.840819	-0.000039
3072	-0.812819	-0.000029
3073	-0.784980	-0.000031
3074	-0.757303	-0.000029
3075	-0.728980	-0.000027
3076	-0.701142	-0.000026
3077	-0.673142	-0.000024
3078	-0.645222	-0.000023
3079	-0.617222	-0.000022
3080	-0.589705	-0.000020
3081	-0.561383	-0.000019
3082	-0.533544	-0.000019
3083	-0.505625	-0.000017
3084	-0.477625	-0.000017
3085	-0.449625	-0.000015
3086	-0.421866	-0.000015
3087	-0.394027	-0.000014
3088	-0.365786	-0.000013
3089	-0.337866	-0.000012
3090	-0.310188	-0.000011
3091	-0.281947	-0.000011
3092	-0.254269	-0.000010
3093	-0.226430	-0.000009
3094	-0.198269	-0.000008
3095	-0.170510	-0.000008
3096	-0.142269	-0.000007
3097	-0.114349	-0.000006
3098	-0.086510	-0.000006
3099	-0.058752	-0.000006
3100	-0.030510	-0.000005
3101	-0.002671	-0.000004
3102	0.019490	-0.000003
3103	0.041490	-0.000003
3104	0.063248	-0.000003
3105	0.085248	-0.000003
3106	0.107167	-0.000002
3107	0.129329	-0.000001
3108	0.151248	-0.000001
3109	0.173248	-0.000001
3110	0.195087	0.000000
3111	0.217087	0.000000
3112	0.239006	0.000003
3113	0.261006	0.000002
3114	0.282845	0.000004
3115	0.304765	0.000004
3116	0.326765	0.000005
3117	0.348604	0.000005
3118	0.370845	0.000006
3119	0.392765	0.000006
3120	0.414684	0.000007
3121	0.436523	0.000007
3122	0.458443	0.000007
3123	0.480201	0.000010
3124	0.502443	0.000010
3125	0.524201	0.000014
3126	0.546443	0.000012
3127	0.567960	0.000014
3128	0.589960	0.000016
3129	0.612040	0.000012
3130	0.633396	0.000023
3131	0.655074	0.000025
3132	0.677074	0.000026
3133	0.698993	0.000028
3134	0.720832	0.000029
3135	0.742752	0.000027
3136	0.765154	0.000026
3137	0.787315	0.000025
3138	0.808993	0.000027
3139	0.831235	0.000027
3140	0.852671	0.000029
3141	0.874832	0.000029
3142	0.896269	0.000041
3143	0.917061	0.000077
3144	0.870213	0.000393
3145	0.876108	0.000410
3146	0.886190	0.000416
3147	0.873404	0.000423
3148	0.869153	0.000424
3149	0.879880	0.000424
3150	0.873938	0.000424
3151	0.877176	0.000424
3152	0.865885	0.000424
3153	0.864339	0.000424
3154	0.859168	0.000424
3155	0.849086	0.000424
3156	0.847780	0.000423
3157	0.837859	0.000422
3158	0.831642	0.000419
3159	0.820351	0.000416
3160	0.806887	0.000412
3161	0.792215	0.000406
3162	0.777703	0.000399
3163	0.762065	0.000391
3164	0.744171	0.000383
3165	0.727728	0.000374
3166	0.710801	0.000364
3167	0.692907	0.000354
3168	0.673806	0.000345
3169	0.654866	0.000332
3170	0.635926	0.000324
3171	0.617067	0.000312
3172	0.597482	0.000302
3173	0.578140	0.000290
3174	0.558153	0.000280
3175	0.538407	0.000270
3176	0.518259	0.000260
3177	0.498272	0.000248
3178	0.477963	0.000238
3179	0.457654	0.000227
3180	0.437345	0.000216
3181	0.416714	0.000205
3182	0.396325	0.000195
3183	0.375613	0.000183
3184	0.354902	0.000173
3185	0.334190	0.000162
3186	0.313559	0.000152
3187	0.292686	0.000142
3188	0.271733	0.000130
3189	0.250780	0.000120
3190	0.230068	0.000110
3191	0.209115	0.000099
3192	0.188162	0.000088
3193	0.167048	0.000078
3194	0.145692	0.000067
3195	0.124497	0.000058
3196	0.103785	0.000047
3197	0.082349	0.000036
3198	0.061557	0.000026
3199	0.040201	0.000014
3200	0.018845	0.000004
3201	-0.002269	-0.000007
3202	-0.029303	-0.000019
3203	-0.056819	-0.000032
3204	-0.083370	-0.000045
3205	-0.110645	-0.000059
3206	-0.137679	-0.000072
3207	-0.164793	-0.000086
3208	-0.191827	-0.000100
3209	-0.219102	-0.000113
3210	-0.246136	-0.000127
3211	-0.273250	-0.000141
3212	-0.300767	-0.000158
3213	-0.327720	-0.000170
3214	-0.354915	-0.000184
3215	-0.382351	-0.000198
3216	-0.409627	-0.000212
3217	-0.436580	-0.000226
3218	-0.464016	-0.000240
3219	-0.491452	-0.000257
3220	-0.518647	-0.000270
3221	-0.545842	-0.000285
3222	-0.573359	-0.000302
3223	-0.600473	-0.000318
3224	-0.627748	-0.000333
3225	-0.655104	-0.000348
3226	-0.682460	-0.000366
3227	-0.709977	-0.000378
3228	-0.737011	-0.000400
3229	-0.765011	-0.000402
3230	-0.792849	-0.000408
3231	-0.821011	-0.000407
3232	-0.848608	-0.000418
3233	-0.876608	-0.000427
3234	-0.904125	-0.000436
3235	-0.930917	-0.000454
3236	-0.958997	-0.000462
3237	-0.986917	-0.000463
3238	-1.015158	-0.000472
3239	-1.041065	-0.000511
3240	-1.069065	-0.000519
3241	-1.095615	-0.000543
3242	-1.124421	-0.000530
3243	-1.151454	-0.000525
3244	-1.188956	-0.000336
3245	-1.221385	-0.000212
3246	-1.257196	-0.000077
3247	-1.285357	-0.000086
3248	-1.311424	-0.000115
3249	-1.340069	-0.000095
3250	-1.369840	-0.000090
3251	-1.397115	-0.000080
3252	-1.370484	-0.000068
3253	-1.342967	-0.000060
3254	-1.315853	-0.000051
3255	-1.287370	-0.000055
3256	-1.258484	-0.000062
3257	-1.231612	-0.000055
3258	-1.204336	-0.000063
3259	-1.176739	-0.000036
3260	-1.147773	-0.000052
3261	-1.121061	-0.000037
3262	-1.092980	-0.000039
3263	-1.064980	-0.000041
3264	-1.036739	-0.000034
3265	-1.009464	-0.000024
3266	-0.981061	-0.000022
3267	-0.952336	-0.000038
3268	-0.924658	-0.000035
3269	-0.896819	-0.000030
3270	-0.869303	-0.000026
3271	-0.840900	-0.000029
3272	-0.813544	-0.000023
3273	-0.785383	-0.000020
3274	-0.757544	-0.000019
3275	-0.729625	-0.000018
3276	-0.701625	-0.000017
3277	-0.673544	-0.000016
3278	-0.645866	-0.000015
3279	-0.617866	-0.000014
3280	-0.590188	-0.000014
3281	-0.562027	-0.000013
3282	-0.534188	-0.000012
3283	-0.506108	-0.000012
3284	-0.478108	-0.000011
3285	-0.449947	-0.000011
3286	-0.422591	-0.000010
3287	-0.394349	-0.000009
3288	-0.366349	-0.000008
3289	-0.338430	-0.000008
3290	-0.310349	-0.000008
3291	-0.282430	-0.000007
3292	-0.254671	-0.000007
3293	-0.226833	-0.000007
3294	-0.198752	-0.000007
3295	-0.170510	-0.000006
3296	-0.142430	-0.000006
3297	-0.114671	-0.000006
3298	-0.086671	-0.000005
3299	-0.058994	-0.000005
3300	-0.030833	-0.000004
3301	-0.002591	-0.000004
3302	0.019248	-0.000004
3303	0.041248	-0.000003
3304	0.063087	-0.000004
3305	0.084926	-0.000004
3306	0.107167	-0.000003
3307	0.129329	-0.000003
3308	0.151087	-0.000003
3309	0.173248	-0.000003
3310	0.195329	-0.000002
3311	0.216926	-0.000000
3312	0.239006	-0.000001
3313	0.261167	0.000001
3314	0.283167	0.000001
3315	0.305006	0.000001
3316	0.327006	0.000001
3317	0.348845	0.000001
3318	0.370845	0.000003
3319	0.392926	0.000003
3320	0.414845	0.000004
3321	0.436926	0.000004
3322	0.458604	0.000004
3323	0.480443	0.000007
3324	0.502604	0.000004
3325	0.524926	0.000000
3326	0.546926	0.000004
3327	0.568765	0.000003
3328	0.591006	0.000001
3329	0.612362	0.000007
3330	0.634362	0.000007
3331	0.656282	0.000010
3332	0.678282	0.000011
3333	0.700362	0.000011
3334	0.722040	0.000012
3335	0.743074	0.000020
3336	0.764993	0.000024
3337	0.787315	0.000024
3338	0.809315	0.000031
3339	0.831315	0.000030
3340	0.853718	0.000018
3341	0.875154	0.000019
3342	0.895383	0.000041
3343	0.918108	0.000042
3344	0.935840	0.000096
3345	0.867250	0.000414
3346	0.872904	0.000420
3347	0.874692	0.000423
3348	0.880668	0.000423
3349	0.877867	0.000424
3350	0.878206	0.000424
3351	0.871378	0.000424
3352	0.871200	0.000424
3353	0.866835	0.000424
3354	0.859973	0.000424
3355	0.859232	0.000424
3356	0.845848	0.000423
3357	0.835282	0.000422
3358	0.831400	0.000420
3359	0.817855	0.000417
3360	0.805035	0.000413
3361	0.792376	0.000407
3362	0.778911	0.000398
3363	0.761582	0.000391
3364	0.744655	0.000383
3365	0.727406	0.000374
3366	0.709190	0.000367
3367	0.692344	0.000356
3368	0.673484	0.000345
3369	0.654786	0.000336
3370	0.636007	0.000324
3371	0.616342	0.000313
3372	0.597080	0.000303
3373	0.577817	0.000292
3374	0.558072	0.000282
3375	0.538085	0.000272
3376	0.518259	0.000260
3377	0.497628	0.000249
3378	0.477883	0.000239
3379	0.457654	0.000227
3380	0.436943	0.000217
3381	0.416634	0.000206
3382	0.395761	0.000196
3383	0.375372	0.000185
3384	0.354741	0.000174
3385	0.333868	0.000163
3386	0.313156	0.000153
3387	0.292606	0.000142
3388	0.271491	0.000131
3389	0.250458	0.000121
3390	0.229746	0.000109
3391	0.208874	0.000099
3392	0.187920	0.000089
3393	0.166806	0.000078
3394	0.145772	0.000068
3395	0.124578	0.000057
3396	0.103463	0.000047
3397	0.082510	0.000036
3398	0.061396	0.000026
3399	0.040040	0.000015
3400	0.018845	0.000005
3401	-0.002671	-0.000006
3402	-0.029303	-0.000020
3403	-0.056578	-0.000033
3404	-0.083853	-0.000046
3405	-0.110726	-0.000060
3406	-0.137518	-0.000075
3407	-0.164954	-0.000089
3408	-0.192069	-0.000101
3409	-0.219022	-0.000116
3410	-0.246216	-0.000130
3411	-0.273411	-0.000144
3412	-0.300606	-0.000158
3413	-0.327962	-0.000171
3414	-0.355157	-0.000186
3415	-0.382512	-0.000200
3416	-0.409385	-0.000215
3417	-0.437224	-0.000230
3418	-0.463775	-0.000244
3419	-0.491372	-0.000260
3420	-0.518728	-0.000272
3421	-0.545681	-0.000286
3422	-0.572956	-0.000303
3423	-0.600473	-0.000317
3424	-0.627748	-0.000331
3425	-0.655426	-0.000346
3426	-0.682863	-0.000360
3427	-0.710218	-0.000374
3428	-0.737413	-0.000384
3429	-0.765333	-0.000391
3430	-0.793494	-0.000388
3431	-0.820930	-0.000403
3432	-0.848447	-0.000416
3433	-0.875561	-0.000433
3434	-0.903158	-0.000448
3435	-0.930434	-0.000465
3436	-0.958031	-0.000479
3437	-0.985870	-0.000492
3438	-1.012179	-0.000529
3439	-1.038971	-0.000558
3440	-1.068018	-0.000532
3441	-1.096743	-0.000509
3442	-1.126675	-0.000483
3443	-1.162647	-0.000277
3444	-1.202001	-0.000070
3445	-1.229760	-0.000082
3446	-1.258645	-0.000069
3447	-1.284874	-0.000090
3448	-1.312552	-0.000108
3449	-1.341437	-0.000095
3450	-1.369437	-0.000089
3451	-1.396632	-0.000086
3452	-1.370243	-0.000071
3453	-1.340069	-0.000085
3454	-1.313598	-0.000084
3455	-1.286243	-0.000061
3456	-1.258645	-0.000058
3457	-1.230082	-0.000072
3458	-1.202887	-0.000059
3459	-1.174645	-0.000056
3460	-1.147531	-0.000048
3461	-1.116713	-0.000072
3462	-1.090323	-0.000041
3463	-1.063773	-0.000043
3464	-1.035451	-0.000052
3465	-1.006806	-0.000053
3466	-0.980014	-0.000046
3467	-0.952256	-0.000041
3468	-0.924497	-0.000033
3469	-0.896417	-0.000036
3470	-0.868417	-0.000038
3471	-0.840497	-0.000035
3472	-0.812819	-0.000034
3473	-0.784980	-0.000032
3474	-0.756980	-0.000030
3475	-0.728819	-0.000030
3476	-0.700980	-0.000028
3477	-0.672900	-0.000027
3478	-0.645142	-0.000025
3479	-0.617303	-0.000024
3480	-0.589383	-0.000023
3481	-0.561544	-0.000022
3482	-0.533464	-0.000021
3483	-0.505544	-0.000019
3484	-0.477705	-0.000019
3485	-0.449705	-0.000018
3486	-0.421866	-0.000017
3487	-0.393866	-0.000016
3488	-0.365866	-0.000015
3489	-0.337947	-0.000014
3490	-0.310188	-0.000012
3491	-0.282430	-0.000012
3492	-0.254430	-0.000011
3493	-0.226108	-0.000010
3494	-0.198591	-0.000009
3495	-0.170591	-0.000008
3496	-0.142510	-0.000007
3497	-0.114671	-0.000007
3498	-0.086833	-0.000006
3499	-0.058833	-0.000006
3500	-0.030752	-0.000005
3501	-0.002671	-0.000004
3502	0.019329	-0.000003
3503	0.041006	-0.000004
3504	0.063329	-0.000003
3505	0.085329	-0.000002
3506	0.107409	-0.000002
3507	0.129167	-0.000002
3508	0.151006	-0.000001
3509	0.172845	-0.000001
3510	0.194765	-0.000000
3511	0.217248	-0.000000
3512	0.239006	-0.000000
3513	0.260362	0.000001
3514	0.282926	0.000001
3515	0.304926	0.000001
3516	0.326684	0.000002
3517	0.348926	0.000002
3518	0.369557	0.000004
3519	0.391476	0.000005
3520	0.413879	0.000006
3521	0.436443	0.000007
3522	0.458443	0.000008
3523	0.480201	0.000010
3524	0.501960	0.000014
3525	0.523799	0.000017
3526	0.546121	0.000012
3527	0.568121	0.000011
3528	0.589638	0.000012
3529	0.612121	0.000015
3530	0.632993	0.000025
3531	0.655718	0.000018
3532	0.677718	0.000022
3533	0.699557	0.000020
3534	0.721315	0.000022
3535	0.743396	0.000023
3536	0.765154	0.000024
3537	0.787074	0.000026
3538	0.807222	0.000053
3539	0.827933	0.000064
3540	0.847035	0.000086
3541	0.863559	0.000153
3542	0.881372	0.000183
3543	0.860372	0.000373
3544	0.865542	0.000400
3545	0.870230	0.000414
3546	0.878943	0.000419
3547	0.882020	0.000422
3548	0.888962	0.000423
3549	0.894616	0.000424
3550	0.898498	0.000424
3551	0.893844	0.000424
3552	0.882796	0.000424
3553	0.875370	0.000424
3554	0.868509	0.000424
3555	0.859634	0.000423
3556	0.854142	0.000423
3557	0.845428	0.000421
3558	0.840902	0.000417
3559	0.822687	0.000416
3560	0.808658	0.000411
3561	0.794308	0.000403
3562	0.780280	0.000395
3563	0.764319	0.000387
3564	0.747070	0.000378
3565	0.730465	0.000367
3566	0.711928	0.000358
3567	0.694518	0.000348
3568	0.675980	0.000337
3569	0.656557	0.000327
3570	0.637295	0.000319
3571	0.618274	0.000306
3572	0.598851	0.000297
3573	0.579025	0.000286
3574	0.559280	0.000276
3575	0.538971	0.000265
3576	0.519065	0.000254
3577	0.498997	0.000245
3578	0.478608	0.000234
3579	0.458138	0.000223
3580	0.437909	0.000212
3581	0.417359	0.000202
3582	0.396244	0.000192
3583	0.375694	0.000181
3584	0.355224	0.000170
3585	0.334351	0.000160
3586	0.313720	0.000149
3587	0.292686	0.000141
3588	0.271653	0.000129
3589	0.250699	0.000118
3590	0.230229	0.000109
3591	0.208954	0.000098
3592	0.187920	0.000086
3593	0.167048	0.000076
3594	0.145772	0.000066
3595	0.124819	0.000058
3596	0.103785	0.000046
3597	0.082510	0.000036
3598	0.061476	0.000024
3599	0.040201	0.000015
3600	0.018845	0.000004
